PIVlab, ASCII chart output - 08-Oct-2024
FRAME: 230, filenames: A: Basler_acA640-750um__24761715__20241004_145722425_0458.bmp & B: Basler_acA640-750um__24761715__20241004_145722425_0459.bmp, conversion factor xy (px -> m): 0.00011578, conversion factor uv (px/frame -> m/s): 0.034769
x [m],y [m],u [m/s],v [m/s],Vector type [-]
0.001968274824,0.001968274824,NaN,NaN,0
0.001968274824,0.003820769023,-0.1842545122,-0.006303830538,1
0.001968274824,0.005673262756,-0.1891009361,-0.00839096494,1
0.001968274824,0.007525756955,-0.1896560043,-0.007347356994,1
0.001968274824,0.009378250688,-0.1886154711,-0.003807094414,1
0.001968274824,0.01123074535,-0.1862401515,-0.002018665196,1
0.001968274824,0.01308323909,-0.1836277694,-0.003644040553,1
0.001968274824,0.01493573282,-0.1883146316,-0.006211158819,1
0.001968274824,0.01678822748,-0.1892759055,-0.009193219244,1
0.001968274824,0.01864072122,-0.1816851199,-0.01448722742,1
0.001968274824,0.02049321495,-0.1835678965,-0.01720311306,1
0.001968274824,0.02234570868,-0.1879737079,-0.02021028288,1
0.001968274824,0.02419820242,-0.1916919053,-0.02484258823,1
0.001968274824,0.02605069801,-0.18894355,-0.02896003239,1
0.001968274824,0.02790319175,-0.183359161,-0.02865059488,1
0.001968274824,0.02975568548,-0.1838973016,-0.02214439586,1
0.001968274824,0.03160817921,-0.1854532063,-0.01640672982,1
0.001968274824,0.03346067294,-0.1838118881,-0.01659768261,1
0.001968274824,0.03531316668,-0.1762292832,-0.02094773762,1
0.001968274824,0.03716566041,-0.1746145487,-0.02359086834,1
0.001968274824,0.03901815414,-0.1768373102,-0.02186998166,1
0.001968274824,0.04087064788,-0.1729191989,-0.01840255596,1
0.001968274824,0.04272314161,-0.1651426256,-0.01538726408,1
0.001968274824,0.04457563907,-0.1438032836,-0.012939943,1
0.001968274824,0.0464281328,-0.1031023636,-0.01058408525,1
0.001968274824,0.04828062654,-0.03614488244,-0.002404398751,1
0.001968274824,0.05013312027,-0.007983099669,0.0003022020974,1
0.001968274824,0.051985614,NaN,NaN,0
0.001968274824,0.05383810773,NaN,NaN,0
0.003820769023,0.001968274824,NaN,NaN,0
0.003820769023,0.003820769023,-0.1870875359,-0.00394882448,1
0.003820769023,0.005673262756,-0.1896688193,-0.002463278593,1
0.003820769023,0.007525756955,-0.1890152097,-0.001553987153,1
0.003820769023,0.009378250688,-0.1876449138,-0.00211350061,1
0.003820769023,0.01123074535,-0.1852011234,-0.003601016942,1
0.003820769023,0.01308323909,-0.1827589571,-0.004013466649,1
0.003820769023,0.01493573282,-0.1852339804,-0.005505954381,1
0.003820769023,0.01678822748,-0.1857331693,-0.0087467907,1
0.003820769023,0.01864072122,-0.1811794788,-0.0136367837,1
0.003820769023,0.02049321495,-0.1796544492,-0.01698308066,1
0.003820769023,0.02234570868,-0.1831642687,-0.02001289651,1
0.003820769023,0.02419820242,-0.1892981529,-0.02333781309,1
0.003820769023,0.02605069801,-0.1905650049,-0.02755052038,1
0.003820769023,0.02790319175,-0.1900654882,-0.02694016695,1
0.003820769023,0.02975568548,-0.1896945387,-0.02223863825,1
0.003820769023,0.03160817921,-0.1871169657,-0.01910592988,1
0.003820769023,0.03346067294,-0.1815774739,-0.0198066514,1
0.003820769023,0.03531316668,-0.1748440564,-0.02113982476,1
0.003820769023,0.03716566041,-0.1752897948,-0.02059257962,1
0.003820769023,0.03901815414,-0.1796271652,-0.017852135,1
0.003820769023,0.04087064788,-0.1806017011,-0.0149454223,1
0.003820769023,0.04272314161,-0.1761902273,-0.01481798384,1
0.003820769023,0.04457563907,-0.1565155685,-0.01508256979,1
0.003820769023,0.0464281328,-0.1139889285,-0.01286350563,1
0.003820769023,0.04828062654,-0.04412774742,-0.004919718485,1
0.003820769023,0.05013312027,-0.003065056866,-0.002012898447,1
0.003820769023,0.051985614,NaN,NaN,0
0.003820769023,0.05383810773,NaN,NaN,0
0.005673262756,0.001968274824,NaN,NaN,0
0.005673262756,0.003820769023,-0.1886312813,-0.004182625096,1
0.005673262756,0.005673262756,-0.1895433813,-0.00132020493,1
0.005673262756,0.007525756955,-0.1889818162,0.001022665063,1
0.005673262756,0.009378250688,-0.1877690107,0.0005214795237,1
0.005673262756,0.01123074535,-0.1856575608,-0.0008197104326,1
0.005673262756,0.01308323909,-0.1838573068,-0.0004662160936,1
0.005673262756,0.01493573282,-0.1847000718,-0.002044396708,1
0.005673262756,0.01678822748,-0.1852620244,-0.006140070967,1
0.005673262756,0.01864072122,-0.1835722029,-0.01101693604,1
0.005673262756,0.02049321495,-0.1828227043,-0.015391564,1
0.005673262756,0.02234570868,-0.1852929741,-0.01848639175,1
0.005673262756,0.02419820242,-0.1902488172,-0.02025500871,1
0.005673262756,0.02605069801,-0.1933975965,-0.02286785096,1
0.005673262756,0.02790319175,-0.1944546103,-0.02296979167,1
0.005673262756,0.02975568548,-0.1928488761,-0.0208760798,1
0.005673262756,0.03160817921,-0.1872280538,-0.02053974755,1
0.005673262756,0.03346067294,-0.1791136563,-0.02146376111,1
0.005673262756,0.03531316668,-0.1733583808,-0.02099846676,1
0.005673262756,0.03716566041,-0.1740170419,-0.01801136881,1
0.005673262756,0.03901815414,-0.1781100184,-0.01379487291,1
0.005673262756,0.04087064788,-0.1812394857,-0.0120192105,1
0.005673262756,0.04272314161,-0.180033952,-0.01358445268,1
0.005673262756,0.04457563907,-0.1668640077,-0.01590915397,1
0.005673262756,0.0464281328,-0.1327950954,-0.01459804177,1
0.005673262756,0.04828062654,-0.06994085759,-0.005922053941,1
0.005673262756,0.05013312027,-0.00865812134,-0.002709542168,1
0.005673262756,0.051985614,NaN,NaN,0
0.005673262756,0.05383810773,NaN,NaN,0
0.007525756955,0.001968274824,NaN,NaN,0
0.007525756955,0.003820769023,-0.1909560412,-0.005392434541,1
0.007525756955,0.005673262756,-0.1908811778,-0.003685830627,1
0.007525756955,0.007525756955,-0.1899154186,-0.0007636669325,1
0.007525756955,0.009378250688,-0.1892001927,0.001683321083,1
0.007525756955,0.01123074535,-0.1888941079,0.003284924431,1
0.007525756955,0.01308323909,-0.1889194548,0.004976642318,1
0.007525756955,0.01493573282,-0.1882332563,0.003447837895,1
0.007525756955,0.01678822748,-0.1856297255,-0.002154892776,1
0.007525756955,0.01864072122,-0.1821141243,-0.008227949031,1
0.007525756955,0.02049321495,-0.1823282242,-0.01258068997,1
0.007525756955,0.02234570868,-0.1874981821,-0.01452034991,1
0.007525756955,0.02419820242,-0.1928697973,-0.01504819933,1
0.007525756955,0.02605069801,-0.1952064186,-0.01597748324,1
0.007525756955,0.02790319175,-0.1947554648,-0.01729508862,1
0.007525756955,0.02975568548,-0.1903307289,-0.01635978185,1
0.007525756955,0.03160817921,-0.184362039,-0.01757263392,1
0.007525756955,0.03346067294,-0.177741766,-0.01928219758,1
0.007525756955,0.03531316668,-0.1728461534,-0.01961981691,1
0.007525756955,0.03716566041,-0.1715376377,-0.01626196131,1
0.007525756955,0.03901815414,-0.1734850556,-0.01106935274,1
0.007525756955,0.04087064788,-0.177299723,-0.01013519522,1
0.007525756955,0.04272314161,-0.1790212542,-0.01192814205,1
0.007525756955,0.04457563907,-0.1701205373,-0.01416004449,1
0.007525756955,0.0464281328,-0.1376198232,-0.01283363253,1
0.007525756955,0.04828062654,-0.06204567477,-0.005252731964,1
0.007525756955,0.05013312027,-0.01278710458,-0.00232674717,2
0.007525756955,0.051985614,NaN,NaN,0
0.007525756955,0.05383810773,NaN,NaN,0
0.009378250688,0.001968274824,NaN,NaN,0
0.009378250688,0.003820769023,-0.1942079365,-0.006156338379,1
0.009378250688,0.005673262756,-0.1939650178,-0.005582946353,1
0.009378250688,0.007525756955,-0.1925033033,-0.003190333722,1
0.009378250688,0.009378250688,-0.1914457083,0.0003300863318,1
0.009378250688,0.01123074535,-0.1927628815,0.00375927682,1
0.009378250688,0.01308323909,-0.1929548532,0.006162749603,1
0.009378250688,0.01493573282,-0.1899338812,0.004917109385,1
0.009378250688,0.01678822748,-0.1844030917,-0.0006858439883,1
0.009378250688,0.01864072122,-0.1799147725,-0.006905604154,1
0.009378250688,0.02049321495,-0.1833986342,-0.01051996183,1
0.009378250688,0.02234570868,-0.1922551394,-0.009908420965,1
0.009378250688,0.02419820242,-0.1984027773,-0.009116479196,1
0.009378250688,0.02605069801,-0.1988452822,-0.01164341066,1
0.009378250688,0.02790319175,-0.1945919096,-0.01714440808,1
0.009378250688,0.02975568548,-0.1858300269,-0.01745692827,1
0.009378250688,0.03160817921,-0.1805728376,-0.0170601327,1
0.009378250688,0.03346067294,-0.177457571,-0.01689451374,1
0.009378250688,0.03531316668,-0.1730071455,-0.01751774736,1
0.009378250688,0.03716566041,-0.1689419895,-0.01525465772,1
0.009378250688,0.03901815414,-0.1680387855,-0.01108612865,1
0.009378250688,0.04087064788,-0.1723051369,-0.009584965184,1
0.009378250688,0.04272314161,-0.1778547615,-0.01076273806,1
0.009378250688,0.04457563907,-0.1728248149,-0.01181839127,1
0.009378250688,0.0464281328,-0.1370771825,-0.009145645425,1
0.009378250688,0.04828062654,-0.04278369993,-0.002743456978,1
0.009378250688,0.05013312027,-0.004638554528,-0.001044726931,1
0.009378250688,0.051985614,NaN,NaN,0
0.009378250688,0.05383810773,NaN,NaN,0
0.01123074535,0.001968274824,NaN,NaN,0
0.01123074535,0.003820769023,-0.1958181709,-0.007703392766,1
0.01123074535,0.005673262756,-0.1962234527,-0.005138564389,1
0.01123074535,0.007525756955,-0.1946170628,-0.00193247234,1
0.01123074535,0.009378250688,-0.1933536977,0.001828085398,1
0.01123074535,0.01123074535,-0.1940181255,0.004229232669,1
0.01123074535,0.01308323909,-0.1928964853,0.005162619054,1
0.01123074535,0.01493573282,-0.1884121001,0.003329186467,1
0.01123074535,0.01678822748,-0.1822554767,-0.002253515879,1
0.01123074535,0.01864072122,-0.1796086133,-0.007985441945,1
0.01123074535,0.02049321495,-0.1882635653,-0.01003887691,1
0.01123074535,0.02234570868,-0.1993997693,-0.007153508253,1
0.01123074535,0.02419820242,-0.2041497082,-0.006793204695,1
0.01123074535,0.02605069801,-0.2014885992,-0.01246310305,1
0.01123074535,0.02790319175,-0.192974031,-0.020849213,1
0.01123074535,0.02975568548,-0.1819706559,-0.02074583247,1
0.01123074535,0.03160817921,-0.1780427694,-0.01751259342,1
0.01123074535,0.03346067294,-0.1779857278,-0.01462148316,1
0.01123074535,0.03531316668,-0.1745569557,-0.01476617623,1
0.01123074535,0.03716566041,-0.1690149754,-0.01500368956,1
0.01123074535,0.03901815414,-0.1668657064,-0.012783668,1
0.01123074535,0.04087064788,-0.1711624414,-0.01031616423,1
0.01123074535,0.04272314161,-0.1775421798,-0.009630668908,1
0.01123074535,0.04457563907,-0.1748301387,-0.009273114614,1
0.01123074535,0.0464281328,-0.1457884312,-0.006960839964,1
0.01123074535,0.04828062654,-0.07035208493,-0.003002955113,1
0.01123074535,0.05013312027,-0.02003261074,-0.001383174211,1
0.01123074535,0.051985614,NaN,NaN,0
0.01123074535,0.05383810773,NaN,NaN,0
0.01308323909,0.001968274824,NaN,NaN,0
0.01308323909,0.003820769023,-0.1973788142,-0.008057599887,1
0.01308323909,0.005673262756,-0.1981425136,-0.00473111961,1
0.01308323909,0.007525756955,-0.1953487396,-0.003197237849,1
0.01308323909,0.009378250688,-0.1931187809,-2.629184564e-05,1
0.01308323909,0.01123074535,-0.1924595535,0.00320555619,1
0.01308323909,0.01308323909,-0.1909613758,0.004298430867,1
0.01308323909,0.01493573282,-0.1861555725,0.002461952856,1
0.01308323909,0.01678822748,-0.1787753999,-0.004130527843,1
0.01308323909,0.01864072122,-0.1776822507,-0.01058869064,1
0.01308323909,0.02049321495,-0.1894450933,-0.01114671212,1
0.01308323909,0.02234570868,-0.2004316598,-0.00826012902,1
0.01308323909,0.02419820242,-0.2022677213,-0.01009793766,1
0.01308323909,0.02605069801,-0.1975832433,-0.0163386967,1
0.01308323909,0.02790319175,-0.1891253442,-0.02152267657,1
0.01308323909,0.02975568548,-0.1805941463,-0.0196661707,1
0.01308323909,0.03160817921,-0.1781113297,-0.01583171263,1
0.01308323909,0.03346067294,-0.178815946,-0.0137935495,1
0.01308323909,0.03531316668,-0.1755240262,-0.0149747273,1
0.01308323909,0.03716566041,-0.1702809334,-0.01711839251,1
0.01308323909,0.03901815414,-0.1694954038,-0.01528985053,1
0.01308323909,0.04087064788,-0.17306678,-0.0112339966,1
0.01308323909,0.04272314161,-0.1775515676,-0.007787136361,1
0.01308323909,0.04457563907,-0.1748472303,-0.006332651712,1
0.01308323909,0.0464281328,-0.1544235647,-0.00570241129,1
0.01308323909,0.04828062654,-0.09952926636,-0.003821984166,1
0.01308323909,0.05013312027,-0.02133433707,-0.001933450112,1
0.01308323909,0.051985614,NaN,NaN,0
0.01308323909,0.05383810773,NaN,NaN,0
0.01493573282,0.001968274824,NaN,NaN,0
0.01493573282,0.003820769023,-0.1997127831,-0.007493012585,1
0.01493573282,0.005673262756,-0.199947834,-0.004570188932,1
0.01493573282,0.007525756955,-0.1956847757,-0.004597086459,1
0.01493573282,0.009378250688,-0.192604214,-0.002108026762,1
0.01493573282,0.01123074535,-0.1912408322,0.001443604589,1
0.01493573282,0.01308323909,-0.1893657446,0.002353161806,1
0.01493573282,0.01493573282,-0.1827799082,-0.0005652176333,1
0.01493573282,0.01678822748,-0.1726802289,-0.007889932953,1
0.01493573282,0.01864072122,-0.1723287255,-0.01303406246,1
0.01493573282,0.02049321495,-0.1833893359,-0.01402292866,1
0.01493573282,0.02234570868,-0.1916710138,-0.0141931707,1
0.01493573282,0.02419820242,-0.1915317178,-0.01854213513,1
0.01493573282,0.02605069801,-0.1881457865,-0.02246294543,1
0.01493573282,0.02790319175,-0.1831323057,-0.02242581919,1
0.01493573282,0.02975568548,-0.1788665205,-0.01958068274,1
0.01493573282,0.03160817921,-0.1791789979,-0.01705836318,1
0.01493573282,0.03346067294,-0.1810533106,-0.01756094024,1
0.01493573282,0.03531316668,-0.1782418042,-0.02008758858,1
0.01493573282,0.03716566041,-0.1742593199,-0.02174071223,1
0.01493573282,0.03901815414,-0.1749984622,-0.01929205656,1
0.01493573282,0.04087064788,-0.1779748946,-0.01587056741,1
0.01493573282,0.04272314161,-0.1792375147,-0.01106621511,1
0.01493573282,0.04457563907,-0.1747749001,-0.007184849586,1
0.01493573282,0.0464281328,-0.1562681943,-0.006018369924,1
0.01493573282,0.04828062654,-0.103635639,-0.004450617824,1
0.01493573282,0.05013312027,-0.01277619042,-0.002197651193,1
0.01493573282,0.051985614,NaN,NaN,0
0.01493573282,0.05383810773,NaN,NaN,0
0.01678822748,0.001968274824,NaN,NaN,0
0.01678822748,0.003820769023,-0.1998044103,-0.007498911116,1
0.01678822748,0.005673262756,-0.1990589947,-0.005477179773,1
0.01678822748,0.007525756955,-0.1954474449,-0.004321891349,1
0.01678822748,0.009378250688,-0.1918690354,-0.001739414874,1
0.01678822748,0.01123074535,-0.1895843744,0.000939969148,1
0.01678822748,0.01308323909,-0.1879674047,0.001067699515,1
0.01678822748,0.01493573282,-0.1817786098,-0.005108968355,1
0.01678822748,0.01678822748,-0.172471121,-0.01523258351,1
0.01678822748,0.01864072122,-0.1714268327,-0.01988984644,1
0.01678822748,0.02049321495,-0.1763877124,-0.02076735161,1
0.01678822748,0.02234570868,-0.1786333919,-0.02165662125,1
0.01678822748,0.02419820242,-0.1782054156,-0.02489371784,1
0.01678822748,0.02605069801,-0.178644821,-0.02643100172,1
0.01678822748,0.02790319175,-0.1783816218,-0.02506105788,1
0.01678822748,0.02975568548,-0.1788641661,-0.02391888201,1
0.01678822748,0.03160817921,-0.1817342192,-0.02258819528,1
0.01678822748,0.03346067294,-0.1841715425,-0.0235018786,1
0.01678822748,0.03531316668,-0.1834181696,-0.02491813526,1
0.01678822748,0.03716566041,-0.1819632947,-0.02501179464,1
0.01678822748,0.03901815414,-0.1825838238,-0.02344365604,1
0.01678822748,0.04087064788,-0.1840632856,-0.02190168947,1
0.01678822748,0.04272314161,-0.1831509918,-0.01726611145,1
0.01678822748,0.04457563907,-0.1750852019,-0.009976800531,1
0.01678822748,0.0464281328,-0.1546012908,-0.005628630985,1
0.01678822748,0.04828062654,-0.0975805968,-0.00389075838,1
0.01678822748,0.05013312027,-0.009550016373,-0.001428505289,1
0.01678822748,0.051985614,NaN,NaN,0
0.01678822748,0.05383810773,NaN,NaN,0
0.01864072122,0.001968274824,NaN,NaN,0
0.01864072122,0.003820769023,-0.1986764669,-0.007195982616,1
0.01864072122,0.005673262756,-0.1982125044,-0.006790010724,1
0.01864072122,0.007525756955,-0.1965223551,-0.004137440585,1
0.01864072122,0.009378250688,-0.1926384419,-0.0007261630381,1
0.01864072122,0.01123074535,-0.18912296,0.001344412449,1
0.01864072122,0.01308323909,-0.1864264607,-0.000420469034,1
0.01864072122,0.01493573282,-0.1818247586,-0.01089127921,1
0.01864072122,0.01678822748,-0.1768360138,-0.02334104851,1
0.01864072122,0.01864072122,-0.1749254018,-0.02672272921,1
0.01864072122,0.02049321495,-0.1751067191,-0.02461862378,1
0.01864072122,0.02234570868,-0.1733427793,-0.02365883067,1
0.01864072122,0.02419820242,-0.1725275367,-0.02580720931,1
0.01864072122,0.02605069801,-0.1742461771,-0.02879843116,1
0.01864072122,0.02790319175,-0.1768337786,-0.03047598898,1
0.01864072122,0.02975568548,-0.1815915257,-0.03049197793,1
0.01864072122,0.03160817921,-0.1864661276,-0.02822836302,1
0.01864072122,0.03346067294,-0.1888180524,-0.02605017833,1
0.01864072122,0.03531316668,-0.1886753589,-0.02550441958,1
0.01864072122,0.03716566041,-0.1870925725,-0.02605941147,1
0.01864072122,0.03901815414,-0.1853486151,-0.02704341523,1
0.01864072122,0.04087064788,-0.1861728132,-0.02335356548,1
0.01864072122,0.04272314161,-0.187176317,-0.01717899181,1
0.01864072122,0.04457563907,-0.1805534065,-0.01032670587,1
0.01864072122,0.0464281328,-0.1561094671,-0.005753704347,1
0.01864072122,0.04828062654,-0.08841624856,-0.003426896641,1
0.01864072122,0.05013312027,-0.01212291047,-0.0008096500533,1
0.01864072122,0.051985614,NaN,NaN,0
0.01864072122,0.05383810773,NaN,NaN,0
0.02049321495,0.001968274824,NaN,NaN,0
0.02049321495,0.003820769023,-0.1978468448,-0.008213691413,1
0.02049321495,0.005673262756,-0.1975252479,-0.008754449897,1
0.02049321495,0.007525756955,-0.1966109574,-0.005625373218,1
0.02049321495,0.009378250688,-0.1939744204,-0.0003327699087,1
0.02049321495,0.01123074535,-0.1898728311,0.002427123487,1
0.02049321495,0.01308323909,-0.1856658012,-0.0005425314885,1
0.02049321495,0.01493573282,-0.1816579849,-0.01239486225,1
0.02049321495,0.01678822748,-0.179151684,-0.02439965494,1
0.02049321495,0.01864072122,-0.1787158251,-0.02722157352,1
0.02049321495,0.02049321495,-0.1774697453,-0.02324955538,1
0.02049321495,0.02234570868,-0.1744690388,-0.02272242494,1
0.02049321495,0.02419820242,-0.1725915372,-0.02631279454,1
0.02049321495,0.02605069801,-0.1736190319,-0.03119792417,1
0.02049321495,0.02790319175,-0.1779755205,-0.03271126747,1
0.02049321495,0.02975568548,-0.1850338429,-0.03111769445,1
0.02049321495,0.03160817921,-0.1918313354,-0.02773461118,1
0.02049321495,0.03346067294,-0.1945557445,-0.02371388488,1
0.02049321495,0.03531316668,-0.192453146,-0.0221268218,1
0.02049321495,0.03716566041,-0.186719805,-0.0249856431,1
0.02049321495,0.03901815414,-0.1806973219,-0.02803601511,1
0.02049321495,0.04087064788,-0.1806280911,-0.02235017158,1
0.02049321495,0.04272314161,-0.183095634,-0.01617377996,1
0.02049321495,0.04457563907,-0.1799876094,-0.01140002254,1
0.02049321495,0.0464281328,-0.1542521268,-0.007618614472,1
0.02049321495,0.04828062654,-0.07164700329,-0.004337011371,1
0.02049321495,0.05013312027,-0.007850123569,-0.000890686817,1
0.02049321495,0.051985614,NaN,NaN,0
0.02049321495,0.05383810773,NaN,NaN,0
0.02234570868,0.001968274824,NaN,NaN,0
0.02234570868,0.003820769023,-0.1972034574,-0.007370094769,1
0.02234570868,0.005673262756,-0.1961292624,-0.007664487232,1
0.02234570868,0.007525756955,-0.195100069,-0.004441954661,1
0.02234570868,0.009378250688,-0.1927985549,0.001164006302,1
0.02234570868,0.01123074535,-0.1888944358,0.004710232839,1
0.02234570868,0.01308323909,-0.1847495884,0.002867280506,1
0.02234570868,0.01493573282,-0.1788306683,-0.005611049011,1
0.02234570868,0.01678822748,-0.1761574149,-0.0153595414,1
0.02234570868,0.01864072122,-0.1793904752,-0.01933895983,1
0.02234570868,0.02049321495,-0.1806920171,-0.01914647967,1
0.02234570868,0.02234570868,-0.1781735867,-0.02103563398,1
0.02234570868,0.02419820242,-0.176154092,-0.02502159216,1
0.02234570868,0.02605069801,-0.1778968424,-0.02846614085,1
0.02234570868,0.02790319175,-0.1834646165,-0.02771761455,1
0.02234570868,0.02975568548,-0.1911105365,-0.02424550988,1
0.02234570868,0.03160817921,-0.1975430399,-0.02080648206,1
0.02234570868,0.03346067294,-0.1972899288,-0.0185545478,1
0.02234570868,0.03531316668,-0.191344887,-0.01902647503,1
0.02234570868,0.03716566041,-0.184351027,-0.02208961546,1
0.02234570868,0.03901815414,-0.1785583347,-0.02296375856,1
0.02234570868,0.04087064788,-0.1757630557,-0.01963299699,1
0.02234570868,0.04272314161,-0.176444456,-0.01659123227,1
0.02234570868,0.04457563907,-0.1735860258,-0.01323563885,1
0.02234570868,0.0464281328,-0.1497526318,-0.008633602411,1
0.02234570868,0.04828062654,-0.07535964996,-0.005175630096,1
0.02234570868,0.05013312027,-0.01925522275,-0.001894287649,2
0.02234570868,0.051985614,NaN,NaN,0
0.02234570868,0.05383810773,NaN,NaN,0
0.02419820242,0.001968274824,NaN,NaN,0
0.02419820242,0.003820769023,-0.1999087483,-0.002079461003,1
0.02419820242,0.005673262756,-0.197915405,-0.002031769138,1
0.02419820242,0.007525756955,-0.1960126013,8.118227561e-05,1
0.02419820242,0.009378250688,-0.1929856837,0.004255678505,1
0.02419820242,0.01123074535,-0.188163802,0.007657192182,1
0.02419820242,0.01308323909,-0.18270123,0.007558909245,1
0.02419820242,0.01493573282,-0.1754522622,0.002577180043,1
0.02419820242,0.01678822748,-0.1710500717,-0.004818607122,1
0.02419820242,0.01864072122,-0.1744260639,-0.01169866789,1
0.02419820242,0.02049321495,-0.1779875755,-0.01690526865,1
0.02419820242,0.02234570868,-0.1802800745,-0.0217798762,1
0.02419820242,0.02419820242,-0.1806868315,-0.02492627129,1
0.02419820242,0.02605069801,-0.1849236637,-0.02392615937,1
0.02419820242,0.02790319175,-0.1922545284,-0.01916853152,1
0.02419820242,0.02975568548,-0.1994298697,-0.01460982952,1
0.02419820242,0.03160817921,-0.2024865299,-0.01168229897,1
0.02419820242,0.03346067294,-0.1966232955,-0.01169209741,1
0.02419820242,0.03531316668,-0.1869481504,-0.01422902569,1
0.02419820242,0.03716566041,-0.18064408,-0.01677346043,1
0.02419820242,0.03901815414,-0.1788446605,-0.0176542867,1
0.02419820242,0.04087064788,-0.1775758564,-0.01726623438,1
0.02419820242,0.04272314161,-0.1759847403,-0.01568478532,1
0.02419820242,0.04457563907,-0.1722721905,-0.0129322987,1
0.02419820242,0.0464281328,-0.1532449275,-0.008442659862,1
0.02419820242,0.04828062654,-0.1008658856,-0.003755442565,1
0.02419820242,0.05013312027,-0.03369035199,-0.001386384829,1
0.02419820242,0.051985614,NaN,NaN,0
0.02419820242,0.05383810773,NaN,NaN,0
0.02605069801,0.001968274824,NaN,NaN,0
0.02605069801,0.003820769023,-0.2026495188,0.001284007565,1
0.02605069801,0.005673262756,-0.2001531273,0.001976951957,1
0.02605069801,0.007525756955,-0.1976004988,0.002818326931,1
0.02605069801,0.009378250688,-0.1936030537,0.005064333789,1
0.02605069801,0.01123074535,-0.1877985597,0.007940717973,1
0.02605069801,0.01308323909,-0.1798898876,0.008715995587,1
0.02605069801,0.01493573282,-0.1732637733,0.005490970332,1
0.02605069801,0.01678822748,-0.1697062999,-0.0004881599452,1
0.02605069801,0.01864072122,-0.1689174175,-0.007973108441,1
0.02605069801,0.02049321495,-0.1701970994,-0.01614288613,1
0.02605069801,0.02234570868,-0.1738116145,-0.02265836298,1
0.02605069801,0.02419820242,-0.1782639176,-0.02251097001,1
0.02605069801,0.02605069801,-0.1873276681,-0.01916402392,1
0.02605069801,0.02790319175,-0.1979930699,-0.01278031338,1
0.02605069801,0.02975568548,-0.2035389096,-0.008239978924,1
0.02605069801,0.03160817921,-0.2025554329,-0.006981283892,1
0.02605069801,0.03346067294,-0.1935058683,-0.008434664458,1
0.02605069801,0.03531316668,-0.181710273,-0.01028280146,1
0.02605069801,0.03716566041,-0.1748409718,-0.01006373856,1
0.02605069801,0.03901815414,-0.1752283722,-0.01129858848,1
0.02605069801,0.04087064788,-0.1774700433,-0.01268511452,1
0.02605069801,0.04272314161,-0.1772197336,-0.01190754957,1
0.02605069801,0.04457563907,-0.1749949753,-0.01111256331,1
0.02605069801,0.0464281328,-0.1606841534,-0.0086811129,1
0.02605069801,0.04828062654,-0.1255857646,-0.003947019577,1
0.02605069801,0.05013312027,-0.08959398419,-0.002313089091,2
0.02605069801,0.051985614,NaN,NaN,0
0.02605069801,0.05383810773,NaN,NaN,0
0.02790319175,0.001968274824,NaN,NaN,0
0.02790319175,0.003820769023,-0.2048034519,-0.001388441771,1
0.02790319175,0.005673262756,-0.2007841915,-0.001498750178,1
0.02790319175,0.007525756955,-0.1962178051,-0.001010826323,1
0.02790319175,0.009378250688,-0.1907635182,0.0005301491474,1
0.02790319175,0.01123074535,-0.1839595288,0.002478834242,1
0.02790319175,0.01308323909,-0.1757650226,0.003566470928,1
0.02790319175,0.01493573282,-0.1706129462,0.001642339164,1
0.02790319175,0.01678822748,-0.1677567661,-0.002764691599,1
0.02790319175,0.01864072122,-0.1654396802,-0.006481687073,1
0.02790319175,0.02049321495,-0.1656645536,-0.009135127068,1
0.02790319175,0.02234570868,-0.1703114212,-0.010376174,1
0.02790319175,0.02419820242,-0.1778486818,-0.008282534778,1
0.02790319175,0.02605069801,-0.1915307492,-0.007665018551,1
0.02790319175,0.02790319175,-0.2035222054,-0.005224680994,1
0.02790319175,0.02975568548,-0.2051750869,-0.003941886127,1
0.02790319175,0.03160817921,-0.2002981007,-0.005555618554,1
0.02790319175,0.03346067294,-0.190050289,-0.009004298598,1
0.02790319175,0.03531316668,-0.178461805,-0.01028348505,1
0.02790319175,0.03716566041,-0.1708983779,-0.009043170139,1
0.02790319175,0.03901815414,-0.1703882962,-0.009187144227,1
0.02790319175,0.04087064788,-0.1743558794,-0.008848521858,1
0.02790319175,0.04272314161,-0.1767647713,-0.008237422444,1
0.02790319175,0.04457563907,-0.1778906584,-0.00936809741,1
0.02790319175,0.0464281328,-0.1693333536,-0.007830753922,1
0.02790319175,0.04828062654,-0.1478942037,-0.003835632466,1
0.02790319175,0.05013312027,-0.1366389394,-0.003051370615,1
0.02790319175,0.051985614,NaN,NaN,0
0.02790319175,0.05383810773,NaN,NaN,0
0.02975568548,0.001968274824,NaN,NaN,0
0.02975568548,0.003820769023,-0.2074451596,-0.006039883476,1
0.02975568548,0.005673262756,-0.2017130256,-0.007773856167,1
0.02975568548,0.007525756955,-0.1943904161,-0.007666358259,1
0.02975568548,0.009378250688,-0.186800167,-0.005968860816,1
0.02975568548,0.01123074535,-0.1799433678,-0.00426188251,1
0.02975568548,0.01308323909,-0.1736646891,-0.002635903889,1
0.02975568548,0.01493573282,-0.1684532762,-0.00397186121,1
0.02975568548,0.01678822748,-0.1625831425,-0.008191792294,1
0.02975568548,0.01864072122,-0.1608179808,-0.006751521956,1
0.02975568548,0.02049321495,-0.1658986956,0.002627736423,1
0.02975568548,0.02234570868,-0.1741430908,0.008652416989,1
0.02975568548,0.02419820242,-0.1828844845,0.01026389003,1
0.02975568548,0.02605069801,-0.1949087232,0.005724015646,1
0.02975568548,0.02790319175,-0.2040261328,0.00144569471,1
0.02975568548,0.02975568548,-0.2046528608,-0.001427828684,1
0.02975568548,0.03160817921,-0.198147133,-0.005646054167,1
0.02975568548,0.03346067294,-0.187432155,-0.01124490798,1
0.02975568548,0.03531316668,-0.1778696328,-0.01311498042,1
0.02975568548,0.03716566041,-0.1710281372,-0.01254289504,1
0.02975568548,0.03901815414,-0.1691139638,-0.01166716032,1
0.02975568548,0.04087064788,-0.1723183841,-0.009567954578,1
0.02975568548,0.04272314161,-0.1754997671,-0.008138495497,1
0.02975568548,0.04457563907,-0.1766585112,-0.009123858996,1
0.02975568548,0.0464281328,-0.1700553447,-0.007725883741,1
0.02975568548,0.04828062654,-0.1535826325,-0.003776516067,1
0.02975568548,0.05013312027,-0.1440026909,-0.003110919381,2
0.02975568548,0.051985614,NaN,NaN,0
0.02975568548,0.05383810773,NaN,NaN,0
0.03160817921,0.001968274824,NaN,NaN,0
0.03160817921,0.003820769023,-0.20983015,-0.00835392531,1
0.03160817921,0.005673262756,-0.2041389793,-0.01135628205,1
0.03160817921,0.007525756955,-0.1949168444,-0.01205684338,1
0.03160817921,0.009378250688,-0.1860955656,-0.01030442119,1
0.03160817921,0.01123074535,-0.1803119332,-0.007342329714,1
0.03160817921,0.01308323909,-0.1751720458,-0.004450584762,1
0.03160817921,0.01493573282,-0.1669353843,-0.006001831964,1
0.03160817921,0.01678822748,-0.1567454785,-0.0122380564,1
0.03160817921,0.01864072122,-0.1575484574,-0.008092539385,1
0.03160817921,0.02049321495,-0.1685611606,0.006479546428,1
0.03160817921,0.02234570868,-0.1795776039,0.01507304329,1
0.03160817921,0.02419820242,-0.1868758649,0.01532862987,1
0.03160817921,0.02605069801,-0.1940533668,0.009028799832,1
0.03160817921,0.02790319175,-0.2001903653,0.001714704442,1
0.03160817921,0.02975568548,-0.2008213699,-0.003212305484,1
0.03160817921,0.03160817921,-0.1948739439,-0.008802838624,1
0.03160817921,0.03346067294,-0.184664458,-0.01495131943,1
0.03160817921,0.03531316668,-0.1773615777,-0.01638702117,1
0.03160817921,0.03716566041,-0.1742581576,-0.01525073778,1
0.03160817921,0.03901815414,-0.1722026914,-0.01386045944,1
0.03160817921,0.04087064788,-0.173604846,-0.0122538954,1
0.03160817921,0.04272314161,-0.175991565,-0.01062573399,1
0.03160817921,0.04457563907,-0.1754113436,-0.01137295645,1
0.03160817921,0.0464281328,-0.1703512967,-0.01073673926,1
0.03160817921,0.04828062654,-0.1587696522,-0.005093433429,1
0.03160817921,0.05013312027,-0.1454229504,-0.003564728191,2
0.03160817921,0.051985614,NaN,NaN,0
0.03160817921,0.05383810773,NaN,NaN,0
0.03346067294,0.001968274824,NaN,NaN,0
0.03346067294,0.003820769023,-0.2082666606,-0.006897801068,1
0.03346067294,0.005673262756,-0.2063176483,-0.01143370103,1
0.03346067294,0.007525756955,-0.1991424263,-0.0130503634,1
0.03346067294,0.009378250688,-0.1892899126,-0.01088565029,1
0.03346067294,0.01123074535,-0.1834988743,-0.007050279994,1
0.03346067294,0.01308323909,-0.17739591,-0.003656949149,1
0.03346067294,0.01493573282,-0.1671563089,-0.00373139116,1
0.03346067294,0.01678822748,-0.1579149812,-0.007946997881,1
0.03346067294,0.01864072122,-0.161725834,-0.004712015856,1
0.03346067294,0.02049321495,-0.1762317568,0.00643794192,1
0.03346067294,0.02234570868,-0.1861700565,0.01230030507,1
0.03346067294,0.02419820242,-0.1892816871,0.008750281297,1
0.03346067294,0.02605069801,-0.192258805,0.002034635283,1
0.03346067294,0.02790319175,-0.1945798546,-0.003883464495,1
0.03346067294,0.02975568548,-0.1937788427,-0.007893090136,1
0.03346067294,0.03160817921,-0.1892412901,-0.0138762854,1
0.03346067294,0.03346067294,-0.1824962199,-0.01972847991,1
0.03346067294,0.03531316668,-0.1787318885,-0.01952924579,1
0.03346067294,0.03716566041,-0.1798192263,-0.01502747275,1
0.03346067294,0.03901815414,-0.179304868,-0.01190293767,1
0.03346067294,0.04087064788,-0.1790350825,-0.01002462208,1
0.03346067294,0.04272314161,-0.1791329384,-0.008757132106,1
0.03346067294,0.04457563907,-0.1758548319,-0.01083377562,1
0.03346067294,0.0464281328,-0.1701318473,-0.01171401516,1
0.03346067294,0.04828062654,-0.160152182,-0.006633627694,1
0.03346067294,0.05013312027,-0.143812269,-0.004265720956,2
0.03346067294,0.051985614,NaN,NaN,0
0.03346067294,0.05383810773,NaN,NaN,0
0.03531316668,0.001968274824,NaN,NaN,0
0.03531316668,0.003820769023,-0.2032807171,-0.004521606024,1
0.03531316668,0.005673262756,-0.2047532648,-0.009508140385,1
0.03531316668,0.007525756955,-0.2016874254,-0.01107764523,1
0.03531316668,0.009378250688,-0.1930634081,-0.009280310012,1
0.03531316668,0.01123074535,-0.1852183789,-0.006799013354,1
0.03531316668,0.01308323909,-0.1791127622,-0.003459144849,1
0.03531316668,0.01493573282,-0.172243461,-0.001390132122,1
0.03531316668,0.01678822748,-0.1668639779,-0.0005971821374,1
0.03531316668,0.01864072122,-0.1705282927,0.001682616887,1
0.03531316668,0.02049321495,-0.1822098643,0.005875856616,1
0.03531316668,0.02234570868,-0.189167425,0.006589524448,1
0.03531316668,0.02419820242,-0.189204976,0.0009582130006,1
0.03531316668,0.02605069801,-0.1884587109,-0.004482424352,1
0.03531316668,0.02790319175,-0.186675176,-0.008048432879,1
0.03531316668,0.02975568548,-0.1833355874,-0.01174744871,1
0.03531316668,0.03160817921,-0.1813002676,-0.01892793924,1
0.03531316668,0.03346067294,-0.1822632998,-0.02251916192,1
0.03531316668,0.03531316668,-0.1842400581,-0.01973931119,1
0.03531316668,0.03716566041,-0.1878660172,-0.01140168123,1
0.03531316668,0.03901815414,-0.1864517182,-0.007583917584,1
0.03531316668,0.04087064788,-0.1831680685,-0.006196242291,1
0.03531316668,0.04272314161,-0.1805205345,-0.005466756411,1
0.03531316668,0.04457563907,-0.1754591018,-0.008518031798,1
0.03531316668,0.0464281328,-0.1679306626,-0.0111813182,1
0.03531316668,0.04828062654,-0.1565287709,-0.006731161848,1
0.03531316668,0.05013312027,-0.1368203014,-0.004141615704,2
0.03531316668,0.051985614,NaN,NaN,0
0.03531316668,0.05383810773,NaN,NaN,0
0.03716566041,0.001968274824,NaN,NaN,0
0.03716566041,0.003820769023,-0.200133577,-0.002393140458,1
0.03716566041,0.005673262756,-0.2012043595,-0.005181006622,1
0.03716566041,0.007525756955,-0.1998737603,-0.006276077591,1
0.03716566041,0.009378250688,-0.1936953068,-0.007600571029,1
0.03716566041,0.01123074535,-0.1859917641,-0.007464513183,1
0.03716566041,0.01308323909,-0.181084469,-0.004898260348,1
0.03716566041,0.01493573282,-0.1782704592,-0.003233807161,1
0.03716566041,0.01678822748,-0.175634101,-0.0007812181138,1
0.03716566041,0.01864072122,-0.1763621718,0.001784304623,1
0.03716566041,0.02049321495,-0.183337301,0.001676670741,1
0.03716566041,0.02234570868,-0.1880188137,-0.0003618768242,1
0.03716566041,0.02419820242,-0.1870323867,-0.003399856854,1
0.03716566041,0.02605069801,-0.1831481755,-0.006323275156,1
0.03716566041,0.02790319175,-0.1785490662,-0.008591299877,1
0.03716566041,0.02975568548,-0.1753640771,-0.0122013716,1
0.03716566041,0.03160817921,-0.1785384119,-0.01817470975,1
0.03716566041,0.03346067294,-0.1875115037,-0.01852596365,1
0.03716566041,0.03531316668,-0.1934595704,-0.01468154788,1
0.03716566041,0.03716566041,-0.1946828663,-0.00824948214,1
0.03716566041,0.03901815414,-0.1895504445,-0.00665518688,1
0.03716566041,0.04087064788,-0.1820482314,-0.007352270652,1
0.03716566041,0.04272314161,-0.176794216,-0.006955711637,1
0.03716566041,0.04457563907,-0.1716500223,-0.008459764533,1
0.03716566041,0.0464281328,-0.1648623943,-0.01076047774,1
0.03716566041,0.04828062654,-0.1535066515,-0.005244484171,1
0.03716566041,0.05013312027,-0.1237682328,-0.002867911244,2
0.03716566041,0.051985614,NaN,NaN,0
0.03716566041,0.05383810773,NaN,NaN,0
0.03901815414,0.001968274824,NaN,NaN,0
0.03901815414,0.003820769023,-0.199632898,0.0006018159911,1
0.03901815414,0.005673262756,-0.2002906501,-0.0003706310235,1
0.03901815414,0.007525756955,-0.1987717301,-0.001472092932,1
0.03901815414,0.009378250688,-0.193914175,-0.004025841597,1
0.03901815414,0.01123074535,-0.1865381896,-0.005808982532,1
0.03901815414,0.01308323909,-0.1799792498,-0.006617050618,1
0.03901815414,0.01493573282,-0.176839143,-0.007341719232,1
0.03901815414,0.01678822748,-0.1753106117,-0.00652244268,1
0.03901815414,0.01864072122,-0.1756695956,-0.005665087141,1
0.03901815414,0.02049321495,-0.1810595393,-0.006949582603,1
0.03901815414,0.02234570868,-0.1859544814,-0.009918201715,1
0.03901815414,0.02419820242,-0.1862617135,-0.01078640949,1
0.03901815414,0.02605069801,-0.1817196757,-0.008762244135,1
0.03901815414,0.02790319175,-0.1774698198,-0.007038059644,1
0.03901815414,0.02975568548,-0.1772609204,-0.007072133478,1
0.03901815414,0.03160817921,-0.1833441705,-0.00911634881,1
0.03901815414,0.03346067294,-0.1932412237,-0.009511549957,1
0.03901815414,0.03531316668,-0.1991204917,-0.008296937682,1
0.03901815414,0.03716566041,-0.1982076764,-0.007175914012,1
0.03901815414,0.03901815414,-0.1907028556,-0.008048376068,1
0.03901815414,0.04087064788,-0.1802224666,-0.01010266412,1
0.03901815414,0.04272314161,-0.1705620885,-0.01079987176,1
0.03901815414,0.04457563907,-0.1645121723,-0.009625827894,1
0.03901815414,0.0464281328,-0.1611106545,-0.008397341706,1
0.03901815414,0.04828062654,-0.1488676518,-0.002908937167,1
0.03901815414,0.05013312027,-0.0973553136,-0.001027991297,2
0.03901815414,0.051985614,NaN,NaN,0
0.03901815414,0.05383810773,NaN,NaN,0
0.04087064788,0.001968274824,NaN,NaN,0
0.04087064788,0.003820769023,-0.1997800916,0.004112744238,1
0.04087064788,0.005673262756,-0.1997366995,0.003798032179,1
0.04087064788,0.007525756955,-0.1970094144,0.002787117381,1
0.04087064788,0.009378250688,-0.191771552,0.000458538474,1
0.04087064788,0.01123074535,-0.1848246008,-0.002149617067,1
0.04087064788,0.01308323909,-0.176828593,-0.004876499064,1
0.04087064788,0.01493573282,-0.1710222811,-0.007846658118,1
0.04087064788,0.01678822748,-0.1689195484,-0.01029377058,1
0.04087064788,0.01864072122,-0.1703221202,-0.01206443273,1
0.04087064788,0.02049321495,-0.1769596338,-0.0140442811,1
0.04087064788,0.02234570868,-0.1844246686,-0.01731985062,1
0.04087064788,0.02419820242,-0.1869242489,-0.01702481322,1
0.04087064788,0.02605069801,-0.1851017326,-0.01179899462,1
0.04087064788,0.02790319175,-0.1832917482,-0.006521468051,1
0.04087064788,0.02975568548,-0.184871152,-0.003287001746,1
0.04087064788,0.03160817921,-0.1897635162,-0.003577715252,1
0.04087064788,0.03346067294,-0.1935883611,-0.004475257825,1
0.04087064788,0.03531316668,-0.1967664212,-0.004377695732,1
0.04087064788,0.03716566041,-0.1974574029,-0.005041546654,1
0.04087064788,0.03901815414,-0.1914855689,-0.006977870129,1
0.04087064788,0.04087064788,-0.1809789985,-0.009504744783,1
0.04087064788,0.04272314161,-0.1680270582,-0.01075675245,1
0.04087064788,0.04457563907,-0.1589469314,-0.0076549761,1
0.04087064788,0.0464281328,-0.1521765888,-0.003797651967,1
0.04087064788,0.04828062654,-0.1263305992,-0.000637792109,1
0.04087064788,0.05013312027,-0.05001796037,0.0007775414269,1
0.04087064788,0.051985614,NaN,NaN,0
0.04087064788,0.05383810773,NaN,NaN,0
0.04272314161,0.001968274824,NaN,NaN,0
0.04272314161,0.003820769023,-0.1997780353,0.004931197502,1
0.04272314161,0.005673262756,-0.1990555078,0.005646328907,1
0.04272314161,0.007525756955,-0.1955324262,0.005958782509,1
0.04272314161,0.009378250688,-0.1899168491,0.005468042567,1
0.04272314161,0.01123074535,-0.1834200025,0.003184022149,1
0.04272314161,0.01308323909,-0.1750733256,0.0007441408816,1
0.04272314161,0.01493573282,-0.1675472409,-0.002828683006,1
0.04272314161,0.01678822748,-0.1629771143,-0.008762734942,1
0.04272314161,0.01864072122,-0.1641486138,-0.01410676073,1
0.04272314161,0.02049321495,-0.1728051156,-0.01671276055,1
0.04272314161,0.02234570868,-0.184511736,-0.01890532672,1
0.04272314161,0.02419820242,-0.1883283854,-0.01993604563,1
0.04272314161,0.02605069801,-0.1871940643,-0.01561840437,1
0.04272314161,0.02790319175,-0.1862929165,-0.009902549908,1
0.04272314161,0.02975568548,-0.187310636,-0.005569410976,1
0.04272314161,0.03160817921,-0.1883334816,-0.004490370397,1
0.04272314161,0.03346067294,-0.1878541857,-0.004208634142,1
0.04272314161,0.03531316668,-0.1897353381,-0.003184394212,1
0.04272314161,0.03716566041,-0.1929317564,-0.00238170987,1
0.04272314161,0.03901815414,-0.1901836842,-0.003365157405,1
0.04272314161,0.04087064788,-0.1805308759,-0.00436695572,1
0.04272314161,0.04272314161,-0.1683641672,-0.004685685504,1
0.04272314161,0.04457563907,-0.1601476371,-0.002902297303,1
0.04272314161,0.0464281328,-0.146788314,-0.0005514418008,1
0.04272314161,0.04828062654,-0.1000111029,0.0009238945204,1
0.04272314161,0.05013312027,-0.02845581993,0.001590357744,1
0.04272314161,0.051985614,NaN,NaN,0
0.04272314161,0.05383810773,NaN,NaN,0
0.04457563907,0.001968274824,NaN,NaN,0
0.04457563907,0.003820769023,-0.1997795999,0.00240204297,1
0.04457563907,0.005673262756,-0.1986424923,0.004705494735,1
0.04457563907,0.007525756955,-0.1954566687,0.006439214572,1
0.04457563907,0.009378250688,-0.1901521832,0.008929641917,1
0.04457563907,0.01123074535,-0.1837800145,0.007898954675,1
0.04457563907,0.01308323909,-0.1744410694,0.005774122663,1
0.04457563907,0.01493573282,-0.1640696079,0.0004834925639,1
0.04457563907,0.01678822748,-0.1559652835,-0.008848469704,1
0.04457563907,0.01864072122,-0.1566996723,-0.01651659049,1
0.04457563907,0.02049321495,-0.1694570333,-0.01981551014,1
0.04457563907,0.02234570868,-0.1868100166,-0.02196737938,1
0.04457563907,0.02419820242,-0.1897780746,-0.02371064201,1
0.04457563907,0.02605069801,-0.1843286902,-0.02107601799,1
0.04457563907,0.02790319175,-0.1826871485,-0.01660769992,1
0.04457563907,0.02975568548,-0.1829372495,-0.01093302108,1
0.04457563907,0.03160817921,-0.1815910935,-0.006527805701,1
0.04457563907,0.03346067294,-0.1817007363,-0.004822361749,1
0.04457563907,0.03531316668,-0.1843090206,-0.003892925801,1
0.04457563907,0.03716566041,-0.1872700453,-0.002085738815,1
0.04457563907,0.03901815414,-0.1857215762,-6.324082642e-05,1
0.04457563907,0.04087064788,-0.1777305156,0.001256552408,1
0.04457563907,0.04272314161,-0.1681352556,0.001166239614,1
0.04457563907,0.04457563907,-0.1588650197,0.0008188347565,1
0.04457563907,0.0464281328,-0.1323309988,0.001445849426,1
0.04457563907,0.04828062654,-0.04549100995,0.0004581452813,1
0.04457563907,0.05013312027,-0.009654348716,0.0003323630954,1
0.04457563907,0.051985614,NaN,NaN,0
0.04457563907,0.05383810773,NaN,NaN,0
0.0464281328,0.001968274824,NaN,NaN,0
0.0464281328,0.003820769023,-0.2010190487,-0.002021161141,1
0.0464281328,0.005673262756,-0.2001961023,0.0001330764644,1
0.0464281328,0.007525756955,-0.198025912,0.001959872665,1
0.0464281328,0.009378250688,-0.1926127225,0.007284447551,1
0.0464281328,0.01123074535,-0.1844985336,0.01005114522,1
0.0464281328,0.01308323909,-0.1736802757,0.008451940492,1
0.0464281328,0.01493573282,-0.161109522,0.002124485094,1
0.0464281328,0.01678822748,-0.1519763768,-0.008814555593,1
0.0464281328,0.01864072122,-0.1537436694,-0.01705975831,1
0.0464281328,0.02049321495,-0.1684748083,-0.02128387615,1
0.0464281328,0.02234570868,-0.1879836023,-0.02475302666,1
0.0464281328,0.02419820242,-0.1909501851,-0.0283879675,1
0.0464281328,0.02605069801,-0.1848998517,-0.02706583031,1
0.0464281328,0.02790319175,-0.1831659228,-0.02190283313,1
0.0464281328,0.02975568548,-0.1826925874,-0.01522123255,1
0.0464281328,0.03160817921,-0.1789791286,-0.008791843429,1
0.0464281328,0.03346067294,-0.1784429401,-0.007753009442,1
0.0464281328,0.03531316668,-0.1815657318,-0.008932085708,1
0.0464281328,0.03716566041,-0.1825227588,-0.00701162219,1
0.0464281328,0.03901815414,-0.179067269,-0.00290295016,1
0.0464281328,0.04087064788,-0.1716589779,-0.0004347059003,1
0.0464281328,0.04272314161,-0.1645204276,-0.0006887897616,1
0.0464281328,0.04457563907,-0.1554811299,-0.0001298445713,1
0.0464281328,0.0464281328,-0.1239515096,0.00181883038,1
0.0464281328,0.04828062654,-0.02643097937,0.0008962876163,1
0.0464281328,0.05013312027,-0.001458995277,0.0002365856199,1
0.0464281328,0.051985614,NaN,NaN,0
0.0464281328,0.05383810773,NaN,NaN,0
0.04828062654,0.001968274824,NaN,NaN,0
0.04828062654,0.003820769023,-0.2009831965,-0.009590937756,1
0.04828062654,0.005673262756,-0.2035932094,-0.00868152082,1
0.04828062654,0.007525756955,-0.2037054151,-0.006907456089,1
0.04828062654,0.009378250688,-0.1977545619,-0.001050494146,1
0.04828062654,0.01123074535,-0.187177211,0.004073478281,1
0.04828062654,0.01308323909,-0.1720933169,0.002946194261,1
0.04828062654,0.01493573282,-0.1575292051,-0.001587706618,1
0.04828062654,0.01678822748,-0.1507035643,-0.009070434608,1
0.04828062654,0.01864072122,-0.153957516,-0.01472534891,1
0.04828062654,0.02049321495,-0.1683067083,-0.01841258444,1
0.04828062654,0.02234570868,-0.1871813685,-0.02329687588,1
0.04828062654,0.02419820242,-0.1925079972,-0.02675005421,1
0.04828062654,0.02605069801,-0.1895812899,-0.02501829527,1
0.04828062654,0.02790319175,-0.1891216487,-0.01993098482,1
0.04828062654,0.02975568548,-0.1880284548,-0.01617717184,1
0.04828062654,0.03160817921,-0.1822750419,-0.01342132222,1
0.04828062654,0.03346067294,-0.1782675385,-0.01493982319,1
0.04828062654,0.03531316668,-0.1798911393,-0.01872872189,1
0.04828062654,0.03716566041,-0.1769772023,-0.0175434798,1
0.04828062654,0.03901815414,-0.1696161479,-0.01365590561,1
0.04828062654,0.04087064788,-0.1628407836,-0.0106952088,1
0.04828062654,0.04272314161,-0.1591304988,-0.009616791271,1
0.04828062654,0.04457563907,-0.1519606709,-0.005634091794,1
0.04828062654,0.0464281328,-0.1185838729,-0.0005946307792,1
0.04828062654,0.04828062654,-0.0207919497,0.001098895096,1
0.04828062654,0.05013312027,0.0001270652865,0.0003143035574,2
0.04828062654,0.051985614,NaN,NaN,0
0.04828062654,0.05383810773,NaN,NaN,0
0.05013312027,0.001968274824,NaN,NaN,0
0.05013312027,0.003820769023,-0.2008104175,-0.01458550151,1
0.05013312027,0.005673262756,-0.204612717,-0.01503998321,1
0.05013312027,0.007525756955,-0.2055345327,-0.01573168673,1
0.05013312027,0.009378250688,-0.1998508275,-0.01369389705,1
0.05013312027,0.01123074535,-0.1880346537,-0.009699124843,1
0.05013312027,0.01308323909,-0.1697566509,-0.008801774122,1
0.05013312027,0.01493573282,-0.1542519778,-0.009211353026,1
0.05013312027,0.01678822748,-0.1495519578,-0.009900954552,1
0.05013312027,0.01864072122,-0.1540054381,-0.009532640688,1
0.05013312027,0.02049321495,-0.1682438999,-0.00928407535,1
0.05013312027,0.02234570868,-0.1860975772,-0.01186987385,1
0.05013312027,0.02419820242,-0.1941524297,-0.01372684538,1
0.05013312027,0.02605069801,-0.1950463504,-0.01275641564,1
0.05013312027,0.02790319175,-0.1945639849,-0.01246711146,1
0.05013312027,0.02975568548,-0.1935186833,-0.01628522575,1
0.05013312027,0.03160817921,-0.1885063946,-0.0205254294,1
0.05013312027,0.03346067294,-0.1808526516,-0.02461574972,1
0.05013312027,0.03531316668,-0.1777759045,-0.02929038741,1
0.05013312027,0.03716566041,-0.1719402671,-0.02923407778,1
0.05013312027,0.03901815414,-0.1637363732,-0.02628013864,1
0.05013312027,0.04087064788,-0.158092007,-0.02235834301,1
0.05013312027,0.04272314161,-0.1553162485,-0.01846877486,1
0.05013312027,0.04457563907,-0.1470303982,-0.01209571026,1
0.05013312027,0.0464281328,-0.1123898029,-0.005823425017,1
0.05013312027,0.04828062654,-0.01754890941,-0.001715146238,1
0.05013312027,0.05013312027,0.0009215800092,-0.0009365276783,2
0.05013312027,0.051985614,NaN,NaN,0
0.05013312027,0.05383810773,NaN,NaN,0
0.051985614,0.001968274824,NaN,NaN,0
0.051985614,0.003820769023,-0.2008929104,-0.01481383294,1
0.051985614,0.005673262756,-0.2031576037,-0.01648987643,1
0.051985614,0.007525756955,-0.202609539,-0.02043822408,1
0.051985614,0.009378250688,-0.197113499,-0.02350478619,1
0.051985614,0.01123074535,-0.1865892261,-0.0239794571,1
0.051985614,0.01308323909,-0.1706058085,-0.02008087747,1
0.051985614,0.01493573282,-0.1573026776,-0.01523831766,1
0.051985614,0.01678822748,-0.1536358893,-0.00937827304,1
0.051985614,0.01864072122,-0.1570115536,-0.003574526636,1
0.051985614,0.02049321495,-0.1681385338,0.0006068045623,1
0.051985614,0.02234570868,-0.1845524013,0.001335176756,1
0.051985614,0.02419820242,-0.1944074929,-0.001245967578,1
0.051985614,0.02605069801,-0.1951353997,-0.00550016854,1
0.051985614,0.02790319175,-0.1949641258,-0.008013317361,1
0.051985614,0.02975568548,-0.1972345263,-0.01297689509,1
0.051985614,0.03160817921,-0.1927491277,-0.01973831467,1
0.051985614,0.03346067294,-0.1807406396,-0.02676283382,1
0.051985614,0.03531316668,-0.1734347194,-0.0327469781,1
0.051985614,0.03716566041,-0.1685356647,-0.03383392841,1
0.051985614,0.03901815414,-0.1641882956,-0.0314328149,1
0.051985614,0.04087064788,-0.1595687121,-0.0279094819,1
0.051985614,0.04272314161,-0.152820766,-0.02256640233,1
0.051985614,0.04457563907,-0.1402346641,-0.01587620936,1
0.051985614,0.0464281328,-0.1060778797,-0.01060120016,1
0.051985614,0.04828062654,-0.0176746957,-0.004091965035,1
0.051985614,0.05013312027,2.754642264e-05,-0.002069790615,2
0.051985614,0.051985614,NaN,NaN,0
0.051985614,0.05383810773,NaN,NaN,0
0.05383810773,0.001968274824,NaN,NaN,0
0.05383810773,0.003820769023,-0.2001814991,-0.01331603527,1
0.05383810773,0.005673262756,-0.2013827562,-0.01500441413,1
0.05383810773,0.007525756955,-0.1991222501,-0.01941926591,1
0.05383810773,0.009378250688,-0.1931760907,-0.0252087824,1
0.05383810773,0.01123074535,-0.1858243495,-0.02889283001,1
0.05383810773,0.01308323909,-0.1759060323,-0.02439463697,1
0.05383810773,0.01493573282,-0.1661321521,-0.01634636708,1
0.05383810773,0.01678822748,-0.1621762067,-0.006946258247,1
0.05383810773,0.01864072122,-0.1620336622,0.0007347658393,1
0.05383810773,0.02049321495,-0.1678291261,0.00504548382,1
0.05383810773,0.02234570868,-0.181624949,0.005065598059,1
0.05383810773,0.02419820242,-0.1922972053,0.001771461219,1
0.05383810773,0.02605069801,-0.1932970732,-0.001596009242,1
0.05383810773,0.02790319175,-0.1946780235,-0.002015062142,1
0.05383810773,0.02975568548,-0.2004799098,-0.001997729298,1
0.05383810773,0.03160817921,-0.1948864311,-0.00850772392,1
0.05383810773,0.03346067294,-0.1806342751,-0.01928645931,1
0.05383810773,0.03531316668,-0.1717261523,-0.02920443565,1
0.05383810773,0.03716566041,-0.1681076586,-0.03249253705,1
0.05383810773,0.03901815414,-0.1666091084,-0.03002171032,1
0.05383810773,0.04087064788,-0.1620285064,-0.02678241581,1
0.05383810773,0.04272314161,-0.1509234309,-0.02177681774,1
0.05383810773,0.04457563907,-0.133917585,-0.0149458861,1
0.05383810773,0.0464281328,-0.1005645469,-0.009457078762,1
0.05383810773,0.04828062654,-0.01777468435,-0.004234503023,1
0.05383810773,0.05013312027,-0.001217821613,-0.002430631313,2
0.05383810773,0.051985614,NaN,NaN,0
0.05383810773,0.05383810773,NaN,NaN,0
0.05569060147,0.001968274824,NaN,NaN,0
0.05569060147,0.003820769023,-0.2009219378,-0.01027062442,1
0.05569060147,0.005673262756,-0.2006461173,-0.01093320828,1
0.05569060147,0.007525756955,-0.1971758306,-0.01505745854,1
0.05569060147,0.009378250688,-0.1918244958,-0.02181895822,1
0.05569060147,0.01123074535,-0.1881176829,-0.02529121563,1
0.05569060147,0.01308323909,-0.1846529394,-0.02109256387,1
0.05569060147,0.01493573282,-0.178280279,-0.01152185537,1
0.05569060147,0.01678822748,-0.1715313494,-0.001263114507,1
0.05569060147,0.01864072122,-0.1669364125,0.005521628074,1
0.05569060147,0.02049321495,-0.1684966236,0.007234392222,1
0.05569060147,0.02234570868,-0.178658396,0.005276232027,1
0.05569060147,0.02419820242,-0.1889626533,0.002674703952,1
0.05569060147,0.02605069801,-0.1927623898,0.002587069059,1
0.05569060147,0.02790319175,-0.1961875558,0.00399649702,1
0.05569060147,0.02975568548,-0.2014985383,0.003755433718,1
0.05569060147,0.03160817921,-0.1952636242,-0.002369150985,1
0.05569060147,0.03346067294,-0.1809863895,-0.01198189892,1
0.05569060147,0.03531316668,-0.1716820449,-0.0219053477,1
0.05569060147,0.03716566041,-0.1692804247,-0.02661339566,1
0.05569060147,0.03901815414,-0.1698734015,-0.02455890924,1
0.05569060147,0.04087064788,-0.1654978245,-0.02230027691,1
0.05569060147,0.04272314161,-0.1526546329,-0.02008292638,1
0.05569060147,0.04457563907,-0.1335180849,-0.0154889524,1
0.05569060147,0.0464281328,-0.1006747633,-0.009889043868,1
0.05569060147,0.04828062654,-0.02226878516,-0.004540571012,1
0.05569060147,0.05013312027,-0.00409401767,-0.002432067413,1
0.05569060147,0.051985614,NaN,NaN,0
0.05569060147,0.05383810773,NaN,NaN,0
0.0575430952,0.001968274824,NaN,NaN,0
0.0575430952,0.003820769023,-0.2008858472,-0.006848854944,1
0.0575430952,0.005673262756,-0.1998090148,-0.007952728309,1
0.0575430952,0.007525756955,-0.1968610138,-0.01138720475,1
0.0575430952,0.009378250688,-0.1934905201,-0.01618538983,1
0.0575430952,0.01123074535,-0.1931109726,-0.01791627333,1
0.0575430952,0.01308323909,-0.1933682263,-0.01384882815,1
0.0575430952,0.01493573282,-0.1897092313,-0.004475409631,1
0.0575430952,0.01678822748,-0.180715695,0.005032500252,1
0.0575430952,0.01864072122,-0.1721483171,0.01082596742,1
0.0575430952,0.02049321495,-0.1694108844,0.01043397188,1
0.0575430952,0.02234570868,-0.1739746928,0.006674515549,1
0.0575430952,0.02419820242,-0.182739988,0.003690366633,1
0.0575430952,0.02605069801,-0.1903675348,0.003594605485,1
0.0575430952,0.02790319175,-0.1939761341,0.002966126893,1
0.0575430952,0.02975568548,-0.1961748898,-0.0004717810662,1
0.0575430952,0.03160817921,-0.1907939911,-0.006582595408,1
0.0575430952,0.03346067294,-0.1793198884,-0.01269192994,1
0.0575430952,0.03531316668,-0.171531409,-0.01834216155,1
0.0575430952,0.03716566041,-0.170558244,-0.02125608735,1
0.0575430952,0.03901815414,-0.1725862175,-0.01870754175,1
0.0575430952,0.04087064788,-0.1705823839,-0.01535013784,1
0.0575430952,0.04272314161,-0.1588868648,-0.01470099296,1
0.0575430952,0.04457563907,-0.1372330338,-0.01467239391,1
0.0575430952,0.0464281328,-0.102892369,-0.01127822325,1
0.0575430952,0.04828062654,-0.03697682172,-0.004008787684,1
0.0575430952,0.05013312027,-0.009240579791,-0.001698052743,1
0.0575430952,0.051985614,NaN,NaN,0
0.0575430952,0.05383810773,NaN,NaN,0
0.05939558893,0.001968274824,NaN,NaN,0
0.05939558893,0.003820769023,-0.2000445127,-0.005856369156,1
0.05939558893,0.005673262756,-0.1996701062,-0.007612725254,1
0.05939558893,0.007525756955,-0.1979367137,-0.009637284093,1
0.05939558893,0.009378250688,-0.1962955892,-0.01069489494,1
0.05939558893,0.01123074535,-0.197576791,-0.009789642878,1
0.05939558893,0.01308323909,-0.1995992064,-0.005557648838,1
0.05939558893,0.01493573282,-0.1979326606,0.00175849488,1
0.05939558893,0.01678822748,-0.1877089441,0.008516827598,1
0.05939558893,0.01864072122,-0.1756851822,0.0126542775,1
0.05939558893,0.02049321495,-0.1694028676,0.0122578172,1
0.05939558893,0.02234570868,-0.1712500155,0.007914708927,1
0.05939558893,0.02419820242,-0.1789073944,0.003526261775,1
0.05939558893,0.02605069801,-0.1873120964,0.0009458869463,1
0.05939558893,0.02790319175,-0.1883107573,-0.003226120025,1
0.05939558893,0.02975568548,-0.1863120347,-0.009982747957,1
0.05939558893,0.03160817921,-0.1815591007,-0.01562433597,1
0.05939558893,0.03346067294,-0.1742939502,-0.01968788356,1
0.05939558893,0.03531316668,-0.171252802,-0.02273429185,1
0.05939558893,0.03716566041,-0.1731855869,-0.02268558182,1
0.05939558893,0.03901815414,-0.1759710014,-0.01756058261,1
0.05939558893,0.04087064788,-0.1764913052,-0.01055394113,1
0.05939558893,0.04272314161,-0.1680123061,-0.008345521986,1
0.05939558893,0.04457563907,-0.1486082226,-0.008987317793,1
0.05939558893,0.0464281328,-0.1180801466,-0.007005120628,1
0.05939558893,0.04828062654,-0.07454957813,-0.002592862817,1
0.05939558893,0.05013312027,-0.01717737876,-0.00101596571,1
0.05939558893,0.051985614,NaN,NaN,0
0.05939558893,0.05383810773,NaN,NaN,0
0.06124808267,0.001968274824,NaN,NaN,0
0.06124808267,0.003820769023,-0.1998657137,-0.007367825136,1
0.06124808267,0.005673262756,-0.2003841996,-0.007451248355,1
0.06124808267,0.007525756955,-0.1999479234,-0.007047011983,1
0.06124808267,0.009378250688,-0.1993773431,-0.005903630983,1
0.06124808267,0.01123074535,-0.2009768188,-0.003268118482,1
0.06124808267,0.01308323909,-0.2034178972,0.001340934425,1
0.06124808267,0.01493573282,-0.2016629875,0.0057488936,1
0.06124808267,0.01678822748,-0.1916821003,0.008524456993,1
0.06124808267,0.01864072122,-0.1779205501,0.0107874563,1
0.06124808267,0.02049321495,-0.1700626165,0.01138484199,1
0.06124808267,0.02234570868,-0.170784682,0.008726710454,1
0.06124808267,0.02419820242,-0.1760984659,0.003785909386,1
0.06124808267,0.02605069801,-0.1821486503,-0.003381178947,1
0.06124808267,0.02790319175,-0.1821037382,-0.01183211897,1
0.06124808267,0.02975568548,-0.1809809953,-0.01895324141,1
0.06124808267,0.03160817921,-0.1772632003,-0.02296357974,1
0.06124808267,0.03346067294,-0.1708090603,-0.0258507058,1
0.06124808267,0.03531316668,-0.1706478447,-0.02936420217,1
0.06124808267,0.03716566041,-0.1750221252,-0.02891486883,1
0.06124808267,0.03901815414,-0.1785635948,-0.02173963003,1
0.06124808267,0.04087064788,-0.180535987,-0.01172157004,1
0.06124808267,0.04272314161,-0.1751153916,-0.006969370879,1
0.06124808267,0.04457563907,-0.1584006101,-0.005573485512,1
0.06124808267,0.0464281328,-0.1270678937,-0.003662259318,1
0.06124808267,0.04828062654,-0.07536476851,-0.001270211418,1
0.06124808267,0.05013312027,-0.0112826759,-0.0006189036067,1
0.06124808267,0.051985614,NaN,NaN,0
0.06124808267,0.05383810773,NaN,NaN,0
0.0631005764,0.001968274824,NaN,NaN,0
0.0631005764,0.003820769023,-0.198823452,-0.008482682519,1
0.0631005764,0.005673262756,-0.2001111209,-0.006764157675,1
0.0631005764,0.007525756955,-0.2009464055,-0.005132990889,1
0.0631005764,0.009378250688,-0.2018173486,-0.003398003755,1
0.0631005764,0.01123074535,-0.2046816647,-0.001129859942,1
0.0631005764,0.01308323909,-0.2074592412,0.00207750476,1
0.0631005764,0.01493573282,-0.2040171176,0.003273367882,1
0.0631005764,0.01678822748,-0.1938177347,0.002555798972,1
0.0631005764,0.01864072122,-0.1807292253,0.004357131198,1
0.0631005764,0.02049321495,-0.1726531982,0.005975345615,1
0.0631005764,0.02234570868,-0.1716979444,0.00464572804,1
0.0631005764,0.02419820242,-0.1733749211,-0.001070018276,1
0.0631005764,0.02605069801,-0.1760221422,-0.01049799472,1
0.0631005764,0.02790319175,-0.1794889122,-0.0183471404,1
0.0631005764,0.02975568548,-0.1837714612,-0.02170708962,1
0.0631005764,0.03160817921,-0.1810895205,-0.02351520397,1
0.0631005764,0.03346067294,-0.1720075607,-0.02710817009,1
0.0631005764,0.03531316668,-0.1713309884,-0.03254401684,1
0.0631005764,0.03716566041,-0.1753082871,-0.03300025314,1
0.0631005764,0.03901815414,-0.178681463,-0.02589520626,1
0.0631005764,0.04087064788,-0.1794308573,-0.01563630067,1
0.0631005764,0.04272314161,-0.1748204976,-0.009547676891,1
0.0631005764,0.04457563907,-0.1606764495,-0.006715739612,1
0.0631005764,0.0464281328,-0.1263889074,-0.004622899462,1
0.0631005764,0.04828062654,-0.04817008227,-0.00142211176,1
0.0631005764,0.05013312027,0.0002503879659,-0.0001502991217,1
0.0631005764,0.051985614,NaN,NaN,0
0.0631005764,0.05383810773,NaN,NaN,0
0.06495307386,0.001968274824,NaN,NaN,0
0.06495307386,0.003820769023,-0.1987187713,-0.007259432226,1
0.06495307386,0.005673262756,-0.2005734742,-0.005596047733,1
0.06495307386,0.007525756955,-0.2026113272,-0.004915358964,1
0.06495307386,0.009378250688,-0.2052625418,-0.004506105557,1
0.06495307386,0.01123074535,-0.2081291676,-0.002995911753,1
0.06495307386,0.01308323909,-0.2093304545,-0.001713577309,1
0.06495307386,0.01493573282,-0.2035855353,-0.003152268706,1
0.06495307386,0.01678822748,-0.1927269697,-0.004969019443,1
0.06495307386,0.01864072122,-0.1819157302,-0.003189918119,1
0.06495307386,0.02049321495,-0.1734883934,-0.001523138722,1
0.06495307386,0.02234570868,-0.1693173051,-0.004112284165,1
0.06495307386,0.02419820242,-0.1688958108,-0.01096848957,1
0.06495307386,0.02605069801,-0.1717995554,-0.01837299392,1
0.06495307386,0.02790319175,-0.180493325,-0.02117481455,1
0.06495307386,0.02975568548,-0.1892113388,-0.01891921088,1
0.06495307386,0.03160817921,-0.185318023,-0.01912939362,1
0.06495307386,0.03346067294,-0.172491625,-0.0260039866,1
0.06495307386,0.03531316668,-0.1707837284,-0.03318531439,1
0.06495307386,0.03716566041,-0.1743706167,-0.03389636055,1
0.06495307386,0.03901815414,-0.1764536798,-0.02880259231,1
0.06495307386,0.04087064788,-0.1742647737,-0.02096674033,1
0.06495307386,0.04272314161,-0.169262737,-0.01340993401,1
0.06495307386,0.04457563907,-0.1597305089,-0.008818343282,1
0.06495307386,0.0464281328,-0.1371288896,-0.007266978268,1
0.06495307386,0.04828062654,-0.0905373916,-0.003921834286,1
0.06495307386,0.05013312027,-0.01153612789,-0.0009624183876,1
0.06495307386,0.051985614,NaN,NaN,0
0.06495307386,0.05383810773,NaN,NaN,0
0.06680556387,0.001968274824,NaN,NaN,0
0.06680556387,0.003820769023,-0.2010766566,-0.006013767794,1
0.06680556387,0.005673262756,-0.2018239349,-0.004570022225,1
0.06680556387,0.007525756955,-0.2038833797,-0.004866233096,1
0.06680556387,0.009378250688,-0.2072395235,-0.005988632329,1
0.06680556387,0.01123074535,-0.2093700171,-0.005674378015,1
0.06680556387,0.01308323909,-0.2088350654,-0.005286053754,1
0.06680556387,0.01493573282,-0.2026575655,-0.00720528746,1
0.06680556387,0.01678822748,-0.1915597618,-0.00836038962,1
0.06680556387,0.01864072122,-0.1804197878,-0.00712557137,1
0.06680556387,0.02049321495,-0.1708593965,-0.006875115912,1
0.06680556387,0.02234570868,-0.1651367247,-0.01097523421,1
0.06680556387,0.02419820242,-0.1654511392,-0.0172348991,1
0.06680556387,0.02605069801,-0.171564877,-0.02034799382,1
0.06680556387,0.02790319175,-0.1826571077,-0.02008439414,1
0.06680556387,0.02975568548,-0.1904870272,-0.01613878086,1
0.06680556387,0.03160817921,-0.1846354455,-0.01591349207,1
0.06680556387,0.03346067294,-0.1711456627,-0.02572245337,1
0.06680556387,0.03531316668,-0.1683085412,-0.03289509937,1
0.06680556387,0.03716566041,-0.1704324037,-0.03423870727,1
0.06680556387,0.03901815414,-0.170492366,-0.03230593726,1
0.06680556387,0.04087064788,-0.1678269207,-0.02727516182,1
0.06680556387,0.04272314161,-0.163118884,-0.01909927838,1
0.06680556387,0.04457563907,-0.1541419476,-0.01170101855,1
0.06680556387,0.0464281328,-0.1321881115,-0.009098948911,1
0.06680556387,0.04828062654,-0.08673804253,-0.005510332994,1
0.06680556387,0.05013312027,-0.01438537799,-0.001701372792,1
0.06680556387,0.051985614,NaN,NaN,0
0.06680556387,0.05383810773,NaN,NaN,0
0.06865806133,0.001968274824,NaN,NaN,0
0.06865806133,0.003820769023,-0.2031183839,-0.005633859895,1
0.06865806133,0.005673262756,-0.2022801191,-0.00435736496,1
0.06865806133,0.007525756955,-0.2039806694,-0.003647630103,1
0.06865806133,0.009378250688,-0.208369717,-0.004646613728,1
0.06865806133,0.01123074535,-0.2101638019,-0.005170859396,1
0.06865806133,0.01308323909,-0.2070594132,-0.005553373136,1
0.06865806133,0.01493573282,-0.2008230239,-0.007751409896,1
0.06865806133,0.01678822748,-0.1905928254,-0.008837128058,1
0.06865806133,0.01864072122,-0.1784815788,-0.00961918477,1
0.06865806133,0.02049321495,-0.1685117334,-0.01075121108,1
0.06865806133,0.02234570868,-0.1633049399,-0.01490696799,1
0.06865806133,0.02419820242,-0.1663230956,-0.01814080589,1
0.06865806133,0.02605069801,-0.1747973561,-0.01779841445,1
0.06865806133,0.02790319175,-0.185551852,-0.01744394377,1
0.06865806133,0.02975568548,-0.1887510121,-0.01720952615,1
0.06865806133,0.03160817921,-0.1803124994,-0.02074414119,1
0.06865806133,0.03346067294,-0.1689849198,-0.02886368707,1
0.06865806133,0.03531316668,-0.1647747159,-0.03419832513,1
0.06865806133,0.03716566041,-0.1645573676,-0.03591778502,1
0.06865806133,0.03901815414,-0.1642151475,-0.03577609733,1
0.06865806133,0.04087064788,-0.1639571935,-0.03241536394,1
0.06865806133,0.04272314161,-0.1608252376,-0.0249392651,1
0.06865806133,0.04457563907,-0.150256753,-0.01623920538,1
0.06865806133,0.0464281328,-0.1168121472,-0.01076577883,1
0.06865806133,0.04828062654,-0.03602764755,-0.003234810196,1
0.06865806133,0.05013312027,-0.0009190156125,6.337092782e-05,1
0.06865806133,0.051985614,NaN,NaN,0
0.06865806133,0.05383810773,NaN,NaN,0
0.07051055133,0.001968274824,NaN,NaN,0
0.07051055133,0.003820769023,-0.2041239291,-0.004613410681,1
0.07051055133,0.005673262756,-0.2019875199,-0.004083424807,1
0.07051055133,0.007525756955,-0.2029800266,-0.002398228971,1
0.07051055133,0.009378250688,-0.2069157064,-0.002458863892,1
0.07051055133,0.01123074535,-0.2080954313,-0.004229461309,1
0.07051055133,0.01308323909,-0.2021779716,-0.007029675413,1
0.07051055133,0.01493573282,-0.1946568936,-0.01061715093,1
0.07051055133,0.01678822748,-0.1865535676,-0.01376714185,1
0.07051055133,0.01864072122,-0.175720945,-0.01710386015,1
0.07051055133,0.02049321495,-0.1666797996,-0.01524001546,1
0.07051055133,0.02234570868,-0.1627054513,-0.01339497138,1
0.07051055133,0.02419820242,-0.1673471928,-0.01150390599,1
0.07051055133,0.02605069801,-0.1774309278,-0.01142542716,1
0.07051055133,0.02790319175,-0.1881936491,-0.01542362198,1
0.07051055133,0.02975568548,-0.1867926866,-0.0216912441,1
0.07051055133,0.03160817921,-0.1761052161,-0.0271914266,1
0.07051055133,0.03346067294,-0.1670060903,-0.03306818008,1
0.07051055133,0.03531316668,-0.1624102741,-0.0377873145,1
0.07051055133,0.03716566041,-0.1612880379,-0.03924691677,1
0.07051055133,0.03901815414,-0.1616711169,-0.03791251779,1
0.07051055133,0.04087064788,-0.1642691642,-0.03349038959,1
0.07051055133,0.04272314161,-0.1647986472,-0.02714356594,1
0.07051055133,0.04457563907,-0.1555382311,-0.01813323796,1
0.07051055133,0.0464281328,-0.1187568456,-0.01095982455,1
0.07051055133,0.04828062654,-0.02901892737,-0.004325381014,1
0.07051055133,0.05013312027,-0.002359903185,-0.0006985657383,1
0.07051055133,0.051985614,NaN,NaN,0
0.07051055133,0.05383810773,NaN,NaN,0
0.07236304879,0.001968274824,NaN,NaN,0
0.07236304879,0.003820769023,-0.2035618424,-0.002793740248,1
0.07236304879,0.005673262756,-0.2002992183,-0.002024967922,1
0.07236304879,0.007525756955,-0.2007380575,-0.0009763561538,1
0.07236304879,0.009378250688,-0.2034297436,-0.001957623288,1
0.07236304879,0.01123074535,-0.2036532909,-0.007696237415,1
0.07236304879,0.01308323909,-0.1948704123,-0.01595810428,1
0.07236304879,0.01493573282,-0.1877385527,-0.02003408037,1
0.07236304879,0.01678822748,-0.1835705489,-0.02307463065,1
0.07236304879,0.01864072122,-0.1741723865,-0.02775426768,1
0.07236304879,0.02049321495,-0.1660253108,-0.01887845062,1
0.07236304879,0.02234570868,-0.1610487401,-0.007600694895,1
0.07236304879,0.02419820242,-0.1649825275,-0.0007591659087,1
0.07236304879,0.02605069801,-0.1748499721,-0.003569282359,1
0.07236304879,0.02790319175,-0.1837490797,-0.01625452749,1
0.07236304879,0.02975568548,-0.1817154735,-0.02980032004,1
0.07236304879,0.03160817921,-0.1716124415,-0.035308294,1
0.07236304879,0.03346067294,-0.1644649953,-0.03776858002,1
0.07236304879,0.03531316668,-0.1603194326,-0.04139153287,1
0.07236304879,0.03716566041,-0.1587097347,-0.04156842083,1
0.07236304879,0.03901815414,-0.1599840671,-0.03628252447,1
0.07236304879,0.04087064788,-0.1658683121,-0.02904940955,1
0.07236304879,0.04272314161,-0.1715646088,-0.02399275266,1
0.07236304879,0.04457563907,-0.1619110107,-0.013055766,1
0.07236304879,0.0464281328,-0.1290053576,-0.006307139527,1
0.07236304879,0.04828062654,-0.03635515645,-0.004873814993,1
0.07236304879,0.05013312027,-0.008223067969,-0.002355283592,2
0.07236304879,0.051985614,NaN,NaN,0
0.07236304879,0.05383810773,NaN,NaN,0
