PIVlab, ASCII chart output - 08-Oct-2024
FRAME: 223, filenames: A: Basler_acA640-750um__24761715__20241004_145722425_0444.bmp & B: Basler_acA640-750um__24761715__20241004_145722425_0445.bmp, conversion factor xy (px -> m): 0.00011578, conversion factor uv (px/frame -> m/s): 0.034769
x [m],y [m],u [m/s],v [m/s],Vector type [-]
0.001968274824,0.001968274824,NaN,NaN,0
0.001968274824,0.003820769023,-0.1893864721,0.001951871323,1
0.001968274824,0.005673262756,-0.1887514442,0.001967396121,1
0.001968274824,0.007525756955,-0.1879795492,0.001113387523,1
0.001968274824,0.009378250688,-0.1893935204,-0.003346389625,1
0.001968274824,0.01123074535,-0.1862924397,-0.009118605405,1
0.001968274824,0.01308323909,-0.1797079742,-0.01238527987,1
0.001968274824,0.01493573282,-0.1800221205,-0.01007481758,1
0.001968274824,0.01678822748,-0.1833098531,-0.004361423198,1
0.001968274824,0.01864072122,-0.187039122,-0.0007045490202,1
0.001968274824,0.02049321495,-0.1910695732,0.000465445366,1
0.001968274824,0.02234570868,-0.1856315434,-0.001032943022,1
0.001968274824,0.02419820242,-0.1794207841,-0.006295396015,1
0.001968274824,0.02605069801,-0.1807198822,-0.01241524331,1
0.001968274824,0.02790319175,-0.1857553869,-0.01942780986,1
0.001968274824,0.02975568548,-0.1854490042,-0.0283832401,1
0.001968274824,0.03160817921,-0.1813326329,-0.03038285673,1
0.001968274824,0.03346067294,-0.1725346744,-0.02487596497,1
0.001968274824,0.03531316668,-0.1683982462,-0.01629040204,1
0.001968274824,0.03716566041,-0.1696165651,-0.009501147084,1
0.001968274824,0.03901815414,-0.1706021726,-0.007132814731,1
0.001968274824,0.04087064788,-0.178499341,-0.009132460691,1
0.001968274824,0.04272314161,-0.1827115119,-0.01187829021,1
0.001968274824,0.04457563907,-0.1652022898,-0.01626982726,1
0.001968274824,0.0464281328,-0.1233708337,-0.01809636317,1
0.001968274824,0.04828062654,-0.08118487895,-0.0129734911,1
0.001968274824,0.05013312027,-0.03328495845,-0.006193911191,1
0.001968274824,0.051985614,NaN,NaN,0
0.001968274824,0.05383810773,NaN,NaN,0
0.003820769023,0.001968274824,NaN,NaN,0
0.003820769023,0.003820769023,-0.1901106536,0.0005725767696,1
0.003820769023,0.005673262756,-0.1878605038,0.0009805558948,1
0.003820769023,0.007525756955,-0.1874299347,0.0005100644776,1
0.003820769023,0.009378250688,-0.1897490621,-0.002110283123,1
0.003820769023,0.01123074535,-0.1898393929,-0.005233221222,1
0.003820769023,0.01308323909,-0.1872177422,-0.005059119314,1
0.003820769023,0.01493573282,-0.186931178,-0.004173937254,1
0.003820769023,0.01678822748,-0.1875717938,-0.00496121496,1
0.003820769023,0.01864072122,-0.1884513497,-0.006095651537,1
0.003820769023,0.02049321495,-0.1896304637,-0.008546776138,1
0.003820769023,0.02234570868,-0.1851110309,-0.01115223672,1
0.003820769023,0.02419820242,-0.179370895,-0.01261952333,1
0.003820769023,0.02605069801,-0.1782808304,-0.01386847906,1
0.003820769023,0.02790319175,-0.1797269136,-0.01811024174,1
0.003820769023,0.02975568548,-0.1805902123,-0.02650343813,1
0.003820769023,0.03160817921,-0.180434376,-0.02988758497,1
0.003820769023,0.03346067294,-0.1770975739,-0.02689228766,1
0.003820769023,0.03531316668,-0.1746175289,-0.02027481794,1
0.003820769023,0.03716566041,-0.1710908413,-0.01303640194,1
0.003820769023,0.03901815414,-0.1662296653,-0.008451070637,1
0.003820769023,0.04087064788,-0.1695040166,-0.006020244677,1
0.003820769023,0.04272314161,-0.1746685803,-0.0051755202,1
0.003820769023,0.04457563907,-0.1604627818,-0.00897807721,1
0.003820769023,0.0464281328,-0.1212266162,-0.01293008216,1
0.003820769023,0.04828062654,-0.07372296602,-0.009904777631,1
0.003820769023,0.05013312027,-0.009140052833,-0.005167440511,1
0.003820769023,0.051985614,NaN,NaN,0
0.003820769023,0.05383810773,NaN,NaN,0
0.005673262756,0.001968274824,NaN,NaN,0
0.005673262756,0.003820769023,-0.190195173,-0.001215075026,1
0.005673262756,0.005673262756,-0.1872561723,-0.0007170444005,1
0.005673262756,0.007525756955,-0.1864715815,-0.0001037475595,1
0.005673262756,0.009378250688,-0.1886974424,-0.0006408568006,1
0.005673262756,0.01123074535,-0.1908282638,-0.002333397977,1
0.005673262756,0.01308323909,-0.1897918433,-0.001192055293,1
0.005673262756,0.01493573282,-0.1881518811,-0.002382572275,1
0.005673262756,0.01678822748,-0.1868358999,-0.00685445033,1
0.005673262756,0.01864072122,-0.1867262274,-0.01072980743,1
0.005673262756,0.02049321495,-0.18779324,-0.0153974928,1
0.005673262756,0.02234570868,-0.1866958141,-0.01748244464,1
0.005673262756,0.02419820242,-0.1817531735,-0.01665391959,1
0.005673262756,0.02605069801,-0.1784797311,-0.01615587994,1
0.005673262756,0.02790319175,-0.176417321,-0.01956662722,1
0.005673262756,0.02975568548,-0.1773496866,-0.02623791061,1
0.005673262756,0.03160817921,-0.1803744733,-0.03151715547,1
0.005673262756,0.03346067294,-0.1799568832,-0.03098060377,1
0.005673262756,0.03531316668,-0.1774944961,-0.02602166869,1
0.005673262756,0.03716566041,-0.1720260084,-0.01840311848,1
0.005673262756,0.03901815414,-0.1653558165,-0.0117795663,1
0.005673262756,0.04087064788,-0.1653237939,-0.006096149329,1
0.005673262756,0.04272314161,-0.1693657786,-0.001762963948,1
0.005673262756,0.04457563907,-0.1601850688,-0.002802767092,1
0.005673262756,0.0464281328,-0.123529546,-0.007024407387,1
0.005673262756,0.04828062654,-0.07538286597,-0.005998213775,1
0.005673262756,0.05013312027,-0.007105430122,-0.003617295763,1
0.005673262756,0.051985614,NaN,NaN,0
0.005673262756,0.05383810773,NaN,NaN,0
0.007525756955,0.001968274824,NaN,NaN,0
0.007525756955,0.003820769023,-0.1892974824,-0.002770168008,1
0.007525756955,0.005673262756,-0.186221227,-0.002700763056,1
0.007525756955,0.007525756955,-0.1860785633,-0.0008375760517,1
0.007525756955,0.009378250688,-0.1890839934,0.0003717430809,1
0.007525756955,0.01123074535,-0.1911337078,-0.000441251701,1
0.007525756955,0.01308323909,-0.1887455881,-0.0014294422,1
0.007525756955,0.01493573282,-0.1859276295,-0.005125156138,1
0.007525756955,0.01678822748,-0.1841180027,-0.009253238328,1
0.007525756955,0.01864072122,-0.1841528267,-0.01289261971,1
0.007525756955,0.02049321495,-0.1862492561,-0.01715075225,1
0.007525756955,0.02234570868,-0.1886608005,-0.0195062682,1
0.007525756955,0.02419820242,-0.1862701327,-0.02013356611,1
0.007525756955,0.02605069801,-0.1836368144,-0.02034846134,1
0.007525756955,0.02790319175,-0.1796319336,-0.0221570842,1
0.007525756955,0.02975568548,-0.1782274842,-0.02557761222,1
0.007525756955,0.03160817921,-0.1809428483,-0.03013652191,1
0.007525756955,0.03346067294,-0.1813268661,-0.03101406619,1
0.007525756955,0.03531316668,-0.179235056,-0.02725859731,1
0.007525756955,0.03716566041,-0.174943015,-0.02133946493,1
0.007525756955,0.03901815414,-0.1697775126,-0.01494730357,1
0.007525756955,0.04087064788,-0.1676076502,-0.008302419446,1
0.007525756955,0.04272314161,-0.1688005328,-0.004073668737,1
0.007525756955,0.04457563907,-0.1623115838,-0.003791261232,1
0.007525756955,0.0464281328,-0.1288976669,-0.005375054199,1
0.007525756955,0.04828062654,-0.07551505417,-0.003627550323,1
0.007525756955,0.05013312027,-0.01881476678,-0.002297639148,2
0.007525756955,0.051985614,NaN,NaN,0
0.007525756955,0.05383810773,NaN,NaN,0
0.009378250688,0.001968274824,NaN,NaN,0
0.009378250688,0.003820769023,-0.1892071366,-0.002810372738,1
0.009378250688,0.005673262756,-0.1865504086,-0.004491005559,1
0.009378250688,0.007525756955,-0.1876287162,-0.002405036706,1
0.009378250688,0.009378250688,-0.1904676706,-6.052494064e-05,1
0.009378250688,0.01123074535,-0.1900040507,-0.0003997113672,1
0.009378250688,0.01308323909,-0.186615929,-0.00365467486,1
0.009378250688,0.01493573282,-0.1851363778,-0.008203125559,1
0.009378250688,0.01678822748,-0.1841864288,-0.01117702108,1
0.009378250688,0.01864072122,-0.1830750257,-0.01337267458,1
0.009378250688,0.02049321495,-0.1852567643,-0.01701194607,1
0.009378250688,0.02234570868,-0.1899520904,-0.0213577114,1
0.009378250688,0.02419820242,-0.1909593791,-0.02386839129,1
0.009378250688,0.02605069801,-0.1899337322,-0.02496425435,1
0.009378250688,0.02790319175,-0.1861726791,-0.02591840364,1
0.009378250688,0.02975568548,-0.1823576391,-0.02518247627,1
0.009378250688,0.03160817921,-0.1823377758,-0.02538342215,1
0.009378250688,0.03346067294,-0.1823936254,-0.02637415379,1
0.009378250688,0.03531316668,-0.1798287183,-0.02471907064,1
0.009378250688,0.03716566041,-0.1772105694,-0.02195014618,1
0.009378250688,0.03901815414,-0.1745042354,-0.01764174923,1
0.009378250688,0.04087064788,-0.1715898067,-0.01236466784,1
0.009378250688,0.04272314161,-0.1711361557,-0.01003774256,1
0.009378250688,0.04457563907,-0.1663562953,-0.009491750039,1
0.009378250688,0.0464281328,-0.1337677836,-0.007432345767,1
0.009378250688,0.04828062654,-0.04457807541,-0.002418493619,1
0.009378250688,0.05013312027,-0.004016482737,-0.001056767185,1
0.009378250688,0.051985614,NaN,NaN,0
0.009378250688,0.05383810773,NaN,NaN,0
0.01123074535,0.001968274824,NaN,NaN,0
0.01123074535,0.003820769023,-0.1906360537,-0.001629781676,1
0.01123074535,0.005673262756,-0.1887731105,-0.004022906069,1
0.01123074535,0.007525756955,-0.189595297,-0.003465119284,1
0.01123074535,0.009378250688,-0.190576151,-0.003103860188,1
0.01123074535,0.01123074535,-0.1878582537,-0.003768264316,1
0.01123074535,0.01308323909,-0.1837742031,-0.005937824957,1
0.01123074535,0.01493573282,-0.1836913824,-0.009651998058,1
0.01123074535,0.01678822748,-0.1847618967,-0.0122763738,1
0.01123074535,0.01864072122,-0.1840103418,-0.01381117478,1
0.01123074535,0.02049321495,-0.1851314604,-0.01688294671,1
0.01123074535,0.02234570868,-0.1892627031,-0.02144310437,1
0.01123074535,0.02419820242,-0.1923916489,-0.02496134117,1
0.01123074535,0.02605069801,-0.1931533366,-0.02729789168,1
0.01123074535,0.02790319175,-0.1905816644,-0.02787017636,1
0.01123074535,0.02975568548,-0.1867616326,-0.02423209697,1
0.01123074535,0.03160817921,-0.1842796952,-0.02092182823,1
0.01123074535,0.03346067294,-0.1817954481,-0.02176352404,1
0.01123074535,0.03531316668,-0.1785357893,-0.02259340882,1
0.01123074535,0.03716566041,-0.1786329448,-0.02195544541,1
0.01123074535,0.03901815414,-0.1793334037,-0.01899514534,1
0.01123074535,0.04087064788,-0.1771064401,-0.01520020235,1
0.01123074535,0.04272314161,-0.1756720245,-0.01385012642,1
0.01123074535,0.04457563907,-0.172653392,-0.01325636636,1
0.01123074535,0.0464281328,-0.1482915282,-0.01036585029,1
0.01123074535,0.04828062654,-0.06453885883,-0.004579682369,1
0.01123074535,0.05013312027,-0.009331457317,-0.002201267984,1
0.01123074535,0.051985614,NaN,NaN,0
0.01123074535,0.05383810773,NaN,NaN,0
0.01308323909,0.001968274824,NaN,NaN,0
0.01308323909,0.003820769023,-0.1901527047,-0.000321881118,1
0.01308323909,0.005673262756,-0.1908550411,-0.001401715563,1
0.01308323909,0.007525756955,-0.1906897873,-0.002103423234,1
0.01308323909,0.009378250688,-0.1892644316,-0.003463023109,1
0.01308323909,0.01123074535,-0.1856676042,-0.004131675698,1
0.01308323909,0.01308323909,-0.1815198809,-0.004740357865,1
0.01308323909,0.01493573282,-0.1810936481,-0.00705170026,1
0.01308323909,0.01678822748,-0.1849041432,-0.01018600725,1
0.01308323909,0.01864072122,-0.1852228642,-0.01257901452,1
0.01308323909,0.02049321495,-0.1847707629,-0.01548245177,1
0.01308323909,0.02234570868,-0.1878283322,-0.01940746978,1
0.01308323909,0.02419820242,-0.1927898973,-0.02371957898,1
0.01308323909,0.02605069801,-0.1954735965,-0.02656037733,1
0.01308323909,0.02790319175,-0.1943340153,-0.02587435022,1
0.01308323909,0.02975568548,-0.1917478144,-0.02252407558,1
0.01308323909,0.03160817921,-0.1874840707,-0.01942273229,1
0.01308323909,0.03346067294,-0.1814728081,-0.02028847113,1
0.01308323909,0.03531316668,-0.176779151,-0.02169870585,1
0.01308323909,0.03716566041,-0.1777534485,-0.021316953,1
0.01308323909,0.03901815414,-0.1800037771,-0.01825428568,1
0.01308323909,0.04087064788,-0.1800440997,-0.01375194825,1
0.01308323909,0.04272314161,-0.1792289317,-0.01168887503,1
0.01308323909,0.04457563907,-0.1754155755,-0.01229895279,1
0.01308323909,0.0464281328,-0.1509498805,-0.01118120551,1
0.01308323909,0.04828062654,-0.06828552485,-0.005171760917,1
0.01308323909,0.05013312027,-0.01079407055,-0.002492524916,1
0.01308323909,0.051985614,NaN,NaN,0
0.01308323909,0.05383810773,NaN,NaN,0
0.01493573282,0.001968274824,NaN,NaN,0
0.01493573282,0.003820769023,-0.1913747489,-0.001034804038,1
0.01493573282,0.005673262756,-0.1925748587,-0.001235790201,1
0.01493573282,0.007525756955,-0.1914710402,-0.001559376367,1
0.01493573282,0.009378250688,-0.1890036017,-0.001695210347,1
0.01493573282,0.01123074535,-0.1859849393,-0.001781271887,1
0.01493573282,0.01308323909,-0.1824641526,-0.001466402085,1
0.01493573282,0.01493573282,-0.1823153347,-0.001456383266,1
0.01493573282,0.01678822748,-0.1851609498,-0.005285677034,1
0.01493573282,0.01864072122,-0.1844819188,-0.009737153538,1
0.01493573282,0.02049321495,-0.1848469377,-0.01316536963,1
0.01493573282,0.02234570868,-0.1891824007,-0.01597029902,1
0.01493573282,0.02419820242,-0.1946272254,-0.01999536902,1
0.01493573282,0.02605069801,-0.1970142275,-0.02252517454,1
0.01493573282,0.02790319175,-0.1959737241,-0.02092745341,1
0.01493573282,0.02975568548,-0.194375217,-0.01929196157,1
0.01493573282,0.03160817921,-0.1899563074,-0.0184050519,1
0.01493573282,0.03346067294,-0.1827105135,-0.01988301426,1
0.01493573282,0.03531316668,-0.176549837,-0.02104817331,1
0.01493573282,0.03716566041,-0.1744642854,-0.01949559152,1
0.01493573282,0.03901815414,-0.1755553186,-0.0158392489,1
0.01493573282,0.04087064788,-0.1778220236,-0.01150230784,1
0.01493573282,0.04272314161,-0.1798001677,-0.009891444817,1
0.01493573282,0.04457563907,-0.1758068353,-0.01096444856,1
0.01493573282,0.0464281328,-0.145524174,-0.01048689242,1
0.01493573282,0.04828062654,-0.04886515811,-0.004140562844,1
0.01493573282,0.05013312027,0.001901007839,-0.002161686309,1
0.01493573282,0.051985614,NaN,NaN,0
0.01493573282,0.05383810773,NaN,NaN,0
0.01678822748,0.001968274824,NaN,NaN,0
0.01678822748,0.003820769023,-0.192459181,-0.005030191969,1
0.01678822748,0.005673262756,-0.1936430484,-0.006050901953,1
0.01678822748,0.007525756955,-0.1924013793,-0.005380378105,1
0.01678822748,0.009378250688,-0.1895046532,-0.003114181105,1
0.01678822748,0.01123074535,-0.18717812,-0.001772250049,1
0.01678822748,0.01308323909,-0.1850159466,-0.0005930470652,1
0.01678822748,0.01493573282,-0.184836179,0.0008670611423,1
0.01678822748,0.01678822748,-0.1838424802,-0.002794696018,1
0.01678822748,0.01864072122,-0.1815779805,-0.007878345437,1
0.01678822748,0.02049321495,-0.1843284816,-0.0107208332,1
0.01678822748,0.02234570868,-0.1909833103,-0.01188715268,1
0.01678822748,0.02419820242,-0.1962341368,-0.01550067868,1
0.01678822748,0.02605069801,-0.1985833347,-0.01766183227,1
0.01678822748,0.02790319175,-0.1967225671,-0.01489600074,1
0.01678822748,0.02975568548,-0.1924360842,-0.01486473437,1
0.01678822748,0.03160817921,-0.1869381815,-0.01531424001,1
0.01678822748,0.03346067294,-0.1820371002,-0.01677161083,1
0.01678822748,0.03531316668,-0.1771558672,-0.0181851238,1
0.01678822748,0.03716566041,-0.1725263,-0.01631816849,1
0.01678822748,0.03901815414,-0.1699482203,-0.01285728533,1
0.01678822748,0.04087064788,-0.1720600277,-0.01001330465,1
0.01678822748,0.04272314161,-0.1782009602,-0.009510400705,1
0.01678822748,0.04457563907,-0.1794052422,-0.01025306527,1
0.01678822748,0.0464281328,-0.1609818488,-0.009201281704,1
0.01678822748,0.04828062654,-0.105821982,-0.004682033323,1
0.01678822748,0.05013312027,-0.01110806223,-0.001871666289,1
0.01678822748,0.051985614,NaN,NaN,0
0.01678822748,0.05383810773,NaN,NaN,0
0.01864072122,0.001968274824,NaN,NaN,0
0.01864072122,0.003820769023,-0.1945907623,-0.007697697263,1
0.01864072122,0.005673262756,-0.1951734871,-0.008281594142,1
0.01864072122,0.007525756955,-0.193740204,-0.006613172125,1
0.01864072122,0.009378250688,-0.1908895373,-0.004523216281,1
0.01864072122,0.01123074535,-0.1884463131,-0.003527294379,1
0.01864072122,0.01308323909,-0.1858674288,-0.002210009843,1
0.01864072122,0.01493573282,-0.18337138,-0.00193531753,1
0.01864072122,0.01678822748,-0.1788324416,-0.005362618715,1
0.01864072122,0.01864072122,-0.1780224293,-0.008527564816,1
0.01864072122,0.02049321495,-0.1860484183,-0.009468030185,1
0.01864072122,0.02234570868,-0.1966354549,-0.008742927574,1
0.01864072122,0.02419820242,-0.1999461502,-0.01003978588,1
0.01864072122,0.02605069801,-0.1992964894,-0.01267230697,1
0.01864072122,0.02790319175,-0.1947505772,-0.01619303599,1
0.01864072122,0.02975568548,-0.1864596307,-0.01786159351,1
0.01864072122,0.03160817921,-0.1819653064,-0.01512055658,1
0.01864072122,0.03346067294,-0.1809684634,-0.01313249208,1
0.01864072122,0.03531316668,-0.1779997796,-0.01417367533,1
0.01864072122,0.03716566041,-0.1722552478,-0.01372137014,1
0.01864072122,0.03901815414,-0.1674729735,-0.01130139083,1
0.01864072122,0.04087064788,-0.1696368903,-0.009811714292,1
0.01864072122,0.04272314161,-0.1774704158,-0.008602723479,1
0.01864072122,0.04457563907,-0.1808582395,-0.008104573935,1
0.01864072122,0.0464281328,-0.1655679494,-0.006606513169,1
0.01864072122,0.04828062654,-0.1113900244,-0.003247559071,1
0.01864072122,0.05013312027,-0.01486741938,-0.001432227669,1
0.01864072122,0.051985614,NaN,NaN,0
0.01864072122,0.05383810773,NaN,NaN,0
0.02049321495,0.001968274824,NaN,NaN,0
0.02049321495,0.003820769023,-0.1970778406,-0.007836165838,1
0.02049321495,0.005673262756,-0.1973448396,-0.007083641365,1
0.02049321495,0.007525756955,-0.1952457577,-0.004961470142,1
0.02049321495,0.009378250688,-0.1921284199,-0.003076743335,1
0.02049321495,0.01123074535,-0.1887334436,-0.003455443308,1
0.02049321495,0.01308323909,-0.1844741851,-0.003357001115,1
0.02049321495,0.01493573282,-0.1794877052,-0.004985997919,1
0.02049321495,0.01678822748,-0.1741494685,-0.009403543547,1
0.02049321495,0.01864072122,-0.176445961,-0.01176380273,1
0.02049321495,0.02049321495,-0.1901079118,-0.01203040872,1
0.02049321495,0.02234570868,-0.2029423714,-0.01044141315,1
0.02049321495,0.02419820242,-0.202972278,-0.008453904651,1
0.02049321495,0.02605069801,-0.1979292482,-0.01166740246,1
0.02049321495,0.02790319175,-0.1916429698,-0.01901838742,1
0.02049321495,0.02975568548,-0.1838029474,-0.02091778256,1
0.02049321495,0.03160817921,-0.1802870333,-0.01672052965,1
0.02049321495,0.03346067294,-0.1804981083,-0.01255831029,1
0.02049321495,0.03531316668,-0.1780390143,-0.01262357552,1
0.02049321495,0.03716566041,-0.1721086949,-0.0134516852,1
0.02049321495,0.03901815414,-0.1680694968,-0.01227880549,1
0.02049321495,0.04087064788,-0.1703041196,-0.01114564203,1
0.02049321495,0.04272314161,-0.1770638674,-0.008216703311,1
0.02049321495,0.04457563907,-0.1763191372,-0.006484501529,1
0.02049321495,0.0464281328,-0.1466739178,-0.005017935764,1
0.02049321495,0.04828062654,-0.05572451651,-0.002831133781,1
0.02049321495,0.05013312027,-0.0004030007112,-0.001990383025,1
0.02049321495,0.051985614,NaN,NaN,0
0.02049321495,0.05383810773,NaN,NaN,0
0.02234570868,0.001968274824,NaN,NaN,0
0.02234570868,0.003820769023,-0.1982151419,-0.007457617205,1
0.02234570868,0.005673262756,-0.1993772388,-0.006576073822,1
0.02234570868,0.007525756955,-0.195981428,-0.005089693703,1
0.02234570868,0.009378250688,-0.1920711994,-0.003201728687,1
0.02234570868,0.01123074535,-0.1887343824,-0.002996574156,1
0.02234570868,0.01308323909,-0.1829990447,-0.005459859036,1
0.02234570868,0.01493573282,-0.176027745,-0.009311074391,1
0.02234570868,0.01678822748,-0.1714267731,-0.01392460521,1
0.02234570868,0.01864072122,-0.1763860881,-0.01665689424,1
0.02234570868,0.02049321495,-0.1900974959,-0.01761403121,1
0.02234570868,0.02234570868,-0.1997984648,-0.01743897982,1
0.02234570868,0.02419820242,-0.1986521482,-0.01705064997,1
0.02234570868,0.02605069801,-0.1925167143,-0.02043420635,1
0.02234570868,0.02790319175,-0.1864765882,-0.02308526821,1
0.02234570868,0.02975568548,-0.1814439744,-0.02107703127,1
0.02234570868,0.03160817921,-0.1793261468,-0.01719490252,1
0.02234570868,0.03346067294,-0.1793199331,-0.01454460528,1
0.02234570868,0.03531316668,-0.1775187701,-0.01564768888,1
0.02234570868,0.03716566041,-0.1732162386,-0.0169520136,1
0.02234570868,0.03901815414,-0.1709871441,-0.01574812084,1
0.02234570868,0.04087064788,-0.1742000729,-0.01376698259,1
0.02234570868,0.04272314161,-0.1797017604,-0.009976917878,1
0.02234570868,0.04457563907,-0.1748977154,-0.007662680466,1
0.02234570868,0.0464281328,-0.1437817663,-0.005346569233,1
0.02234570868,0.04828062654,-0.07558838278,-0.003601745935,1
0.02234570868,0.05013312027,-0.007991610095,-0.002795282984,1
0.02234570868,0.051985614,NaN,NaN,0
0.02234570868,0.05383810773,NaN,NaN,0
0.02419820242,0.001968274824,NaN,NaN,0
0.02419820242,0.003820769023,-0.2003367245,-0.007705545984,1
0.02419820242,0.005673262756,-0.2022609413,-0.006627822295,1
0.02419820242,0.007525756955,-0.1970879287,-0.004852618556,1
0.02419820242,0.009378250688,-0.1921816766,-0.002853351645,1
0.02419820242,0.01123074535,-0.1888999641,-0.001985721523,1
0.02419820242,0.01308323909,-0.1828856766,-0.005903758574,1
0.02419820242,0.01493573282,-0.1759974211,-0.01132767368,1
0.02419820242,0.01678822748,-0.1721174717,-0.01576640457,1
0.02419820242,0.01864072122,-0.1757952869,-0.02034327574,1
0.02419820242,0.02049321495,-0.1834387928,-0.02343040518,1
0.02419820242,0.02234570868,-0.1888039112,-0.02453709953,1
0.02419820242,0.02419820242,-0.189313367,-0.02559516579,1
0.02419820242,0.02605069801,-0.1860142797,-0.02691819146,1
0.02419820242,0.02790319175,-0.1824488044,-0.02594329417,1
0.02419820242,0.02975568548,-0.1796326488,-0.02314672805,1
0.02419820242,0.03160817921,-0.1792822629,-0.01990471967,1
0.02419820242,0.03346067294,-0.1809574515,-0.01940190792,1
0.02419820242,0.03531316668,-0.180180788,-0.02174296789,1
0.02419820242,0.03716566041,-0.1777883768,-0.02259212919,1
0.02419820242,0.03901815414,-0.1775760353,-0.02049910836,1
0.02419820242,0.04087064788,-0.1816820055,-0.01819224283,1
0.02419820242,0.04272314161,-0.186537385,-0.01523235533,1
0.02419820242,0.04457563907,-0.179255724,-0.01234310679,1
0.02419820242,0.0464281328,-0.1484580636,-0.008658466861,1
0.02419820242,0.04828062654,-0.08153599501,-0.004266613163,1
0.02419820242,0.05013312027,-0.01802428067,-0.001426035655,1
0.02419820242,0.051985614,NaN,NaN,0
0.02419820242,0.05383810773,NaN,NaN,0
0.02605069801,0.001968274824,NaN,NaN,0
0.02605069801,0.003820769023,-0.2017678916,-0.007338243537,1
0.02605069801,0.005673262756,-0.2029496431,-0.006101706531,1
0.02605069801,0.007525756955,-0.1986181736,-0.002571390942,1
0.02605069801,0.009378250688,-0.1937907785,0.0003745968861,1
0.02605069801,0.01123074535,-0.1897629648,0.001001451747,1
0.02605069801,0.01308323909,-0.1846042275,-0.002110298723,1
0.02605069801,0.01493573282,-0.1794831306,-0.0082166465,1
0.02605069801,0.01678822748,-0.1768144518,-0.01598378085,1
0.02605069801,0.01864072122,-0.1781383902,-0.02348669991,1
0.02605069801,0.02049321495,-0.1793786436,-0.02697079442,1
0.02605069801,0.02234570868,-0.1795503795,-0.02689181641,1
0.02605069801,0.02419820242,-0.1798299253,-0.02629606798,1
0.02605069801,0.02605069801,-0.1803660542,-0.02650703304,1
0.02605069801,0.02790319175,-0.1803334355,-0.02708466165,1
0.02605069801,0.02975568548,-0.1798053235,-0.02750299126,1
0.02605069801,0.03160817921,-0.1819267869,-0.02644550987,1
0.02605069801,0.03346067294,-0.1858755499,-0.02588130161,1
0.02605069801,0.03531316668,-0.1868930459,-0.02665958926,1
0.02605069801,0.03716566041,-0.186496675,-0.02642149851,1
0.02605069801,0.03901815414,-0.1862754673,-0.0235005524,1
0.02605069801,0.04087064788,-0.1871786416,-0.0207003355,1
0.02605069801,0.04272314161,-0.1896800548,-0.01953320578,1
0.02605069801,0.04457563907,-0.1836712807,-0.01672457717,1
0.02605069801,0.0464281328,-0.1562331468,-0.01173606794,1
0.02605069801,0.04828062654,-0.08581899852,-0.004957015626,1
0.02605069801,0.05013312027,-0.02515084669,-0.001273026341,1
0.02605069801,0.051985614,NaN,NaN,0
0.02605069801,0.05383810773,NaN,NaN,0
0.02790319175,0.001968274824,NaN,NaN,0
0.02790319175,0.003820769023,-0.201327309,-0.006102403626,1
0.02790319175,0.005673262756,-0.2014728785,-0.005087946076,1
0.02790319175,0.007525756955,-0.198827818,-0.001420015236,1
0.02790319175,0.009378250688,-0.1953720599,0.002207622631,1
0.02790319175,0.01123074535,-0.1913595796,0.003170032986,1
0.02790319175,0.01308323909,-0.1869793683,0.001925755292,1
0.02790319175,0.01493573282,-0.1822208613,-0.003717425512,1
0.02790319175,0.01678822748,-0.1790692061,-0.01522862446,1
0.02790319175,0.01864072122,-0.179412052,-0.02388001233,1
0.02790319175,0.02049321495,-0.178284809,-0.02651542798,1
0.02790319175,0.02234570868,-0.1754863113,-0.02653422765,1
0.02790319175,0.02419820242,-0.1735708266,-0.02688250318,1
0.02790319175,0.02605069801,-0.1753001064,-0.02781471983,1
0.02790319175,0.02790319175,-0.1790727824,-0.02981102094,1
0.02790319175,0.02975568548,-0.1814603508,-0.03117888607,1
0.02790319175,0.03160817921,-0.1852444261,-0.03054184839,1
0.02790319175,0.03346067294,-0.1901234537,-0.02890256234,1
0.02790319175,0.03531316668,-0.1934625357,-0.02743910253,1
0.02790319175,0.03716566041,-0.1937715411,-0.02603319846,1
0.02790319175,0.03901815414,-0.1908924431,-0.0227839537,1
0.02790319175,0.04087064788,-0.1871288717,-0.01947350055,1
0.02790319175,0.04272314161,-0.1874818057,-0.01905308478,1
0.02790319175,0.04457563907,-0.1851385832,-0.01753523573,1
0.02790319175,0.0464281328,-0.1691302061,-0.01288021263,1
0.02790319175,0.04828062654,-0.1187829375,-0.004881003872,1
0.02790319175,0.05013312027,-0.03951884806,-0.001894847723,1
0.02790319175,0.051985614,NaN,NaN,0
0.02790319175,0.05383810773,NaN,NaN,0
0.02975568548,0.001968274824,NaN,NaN,0
0.02975568548,0.003820769023,-0.1992928982,-0.005355953239,1
0.02975568548,0.005673262756,-0.1993585378,-0.005241576582,1
0.02975568548,0.007525756955,-0.1985381395,-0.002864006441,1
0.02975568548,0.009378250688,-0.1969621927,0.001079428475,1
0.02975568548,0.01123074535,-0.1923649162,0.00279306178,1
0.02975568548,0.01308323909,-0.1880321503,0.003534568707,1
0.02975568548,0.01493573282,-0.1827484369,0.0004670004419,1
0.02975568548,0.01678822748,-0.1769875586,-0.008908585645,1
0.02975568548,0.01864072122,-0.17617172,-0.01711417548,1
0.02975568548,0.02049321495,-0.176492393,-0.02206394821,1
0.02975568548,0.02234570868,-0.1749627143,-0.02592092007,1
0.02975568548,0.02419820242,-0.1738426089,-0.02761959657,1
0.02975568548,0.02605069801,-0.1769304574,-0.02898265608,1
0.02975568548,0.02790319175,-0.1818106323,-0.03062477522,1
0.02975568548,0.02975568548,-0.1857700199,-0.02981346101,1
0.02975568548,0.03160817921,-0.1902133673,-0.02767937072,1
0.02975568548,0.03346067294,-0.1945194304,-0.0242214445,1
0.02975568548,0.03531316668,-0.1966948509,-0.02180222981,1
0.02975568548,0.03716566041,-0.1950286776,-0.02101099491,1
0.02975568548,0.03901815414,-0.1889952868,-0.02019141056,1
0.02975568548,0.04087064788,-0.1835704297,-0.01822325774,1
0.02975568548,0.04272314161,-0.1830948889,-0.01660718583,1
0.02975568548,0.04457563907,-0.1818021089,-0.01588744856,1
0.02975568548,0.0464281328,-0.1715363115,-0.0116791334,1
0.02975568548,0.04828062654,-0.1429943293,-0.004674668889,1
0.02975568548,0.05013312027,-0.08691422641,-0.002582193585,2
0.02975568548,0.051985614,NaN,NaN,0
0.02975568548,0.05383810773,NaN,NaN,0
0.03160817921,0.001968274824,NaN,NaN,0
0.03160817921,0.003820769023,-0.1991505921,-0.003690325888,1
0.03160817921,0.005673262756,-0.1990671754,-0.003969660494,1
0.03160817921,0.007525756955,-0.1985608935,-0.002075814642,1
0.03160817921,0.009378250688,-0.1971091628,0.001977658365,1
0.03160817921,0.01123074535,-0.1928441226,0.004227750003,1
0.03160817921,0.01308323909,-0.188437283,0.005544393789,1
0.03160817921,0.01493573282,-0.1813809574,0.003597661853,1
0.03160817921,0.01678822748,-0.172154367,-0.001891052816,1
0.03160817921,0.01864072122,-0.1686648279,-0.006846537348,1
0.03160817921,0.02049321495,-0.1704571098,-0.01479917485,1
0.03160817921,0.02234570868,-0.1752420962,-0.02341068722,1
0.03160817921,0.02419820242,-0.1813383102,-0.02685715072,1
0.03160817921,0.02605069801,-0.1866211593,-0.02758372203,1
0.03160817921,0.02790319175,-0.189319551,-0.02653595619,1
0.03160817921,0.02975568548,-0.1924177706,-0.02134970762,1
0.03160817921,0.03160817921,-0.1962450445,-0.01626740023,1
0.03160817921,0.03346067294,-0.1981065273,-0.01307306532,1
0.03160817921,0.03531316668,-0.1961896271,-0.01173056383,1
0.03160817921,0.03716566041,-0.192051053,-0.01149259973,1
0.03160817921,0.03901815414,-0.186646685,-0.01400532667,1
0.03160817921,0.04087064788,-0.1834246516,-0.01477498841,1
0.03160817921,0.04272314161,-0.1819986552,-0.01483564731,1
0.03160817921,0.04457563907,-0.1780344397,-0.01448872592,1
0.03160817921,0.0464281328,-0.1668487787,-0.01029483229,1
0.03160817921,0.04828062654,-0.1475962698,-0.004661662504,1
0.03160817921,0.05013312027,-0.1140022874,-0.003099830355,2
0.03160817921,0.051985614,NaN,NaN,0
0.03160817921,0.05383810773,NaN,NaN,0
0.03346067294,0.001968274824,NaN,NaN,0
0.03346067294,0.003820769023,-0.201806277,-0.0002044289868,1
0.03346067294,0.005673262756,-0.2016364783,0.0001278737182,1
0.03346067294,0.007525756955,-0.2005154788,0.001159699867,1
0.03346067294,0.009378250688,-0.1980484724,0.003927965648,1
0.03346067294,0.01123074535,-0.1937028915,0.006349058356,1
0.03346067294,0.01308323909,-0.1881893724,0.007626301143,1
0.03346067294,0.01493573282,-0.1794936657,0.00527806161,1
0.03346067294,0.01678822748,-0.1693438441,0.001369602745,1
0.03346067294,0.01864072122,-0.1638437212,-0.001307616243,1
0.03346067294,0.02049321495,-0.16555731,-0.007823952474,1
0.03346067294,0.02234570868,-0.1748502553,-0.01736100577,1
0.03346067294,0.02419820242,-0.1872330904,-0.02433040552,1
0.03346067294,0.02605069801,-0.194544524,-0.02626862004,1
0.03346067294,0.02790319175,-0.1974394619,-0.02167499065,1
0.03346067294,0.02975568548,-0.2007095665,-0.01276266482,1
0.03346067294,0.03160817921,-0.2015181631,-0.007180442568,1
0.03346067294,0.03346067294,-0.1966654807,-0.006479682401,1
0.03346067294,0.03531316668,-0.1888719201,-0.006453059614,1
0.03346067294,0.03716566041,-0.1837726682,-0.005087728612,1
0.03346067294,0.03901815414,-0.1830393076,-0.00742830988,1
0.03346067294,0.04087064788,-0.183372274,-0.01122333296,1
0.03346067294,0.04272314161,-0.1823878884,-0.01421175338,1
0.03346067294,0.04457563907,-0.1773182303,-0.01515219826,1
0.03346067294,0.0464281328,-0.1655340791,-0.01108377986,1
0.03346067294,0.04828062654,-0.1490390748,-0.005279200152,1
0.03346067294,0.05013312027,-0.125910148,-0.003484398825,2
0.03346067294,0.051985614,NaN,NaN,0
0.03346067294,0.05383810773,NaN,NaN,0
0.03531316668,0.001968274824,NaN,NaN,0
0.03531316668,0.003820769023,-0.2062638998,0.001212530071,1
0.03531316668,0.005673262756,-0.2045180947,0.001960431226,1
0.03531316668,0.007525756955,-0.2017298639,0.002638163045,1
0.03531316668,0.009378250688,-0.1981996447,0.004217798822,1
0.03531316668,0.01123074535,-0.1926499903,0.006269780453,1
0.03531316668,0.01308323909,-0.1844073981,0.007499765139,1
0.03531316668,0.01493573282,-0.1755423397,0.005360371433,1
0.03531316668,0.01678822748,-0.1676828712,0.001478640712,1
0.03531316668,0.01864072122,-0.1612563133,-0.0003478128929,1
0.03531316668,0.02049321495,-0.1625741124,-0.001764433924,1
0.03531316668,0.02234570868,-0.1727481782,-0.006817927584,1
0.03531316668,0.02419820242,-0.1854047179,-0.01502176374,1
0.03531316668,0.02605069801,-0.1950899661,-0.01895105466,1
0.03531316668,0.02790319175,-0.2009537369,-0.01547419745,1
0.03531316668,0.02975568548,-0.2043068111,-0.008336682804,1
0.03531316668,0.03160817921,-0.202525124,-0.004667592701,1
0.03531316668,0.03346067294,-0.1937912852,-0.005603469443,1
0.03531316668,0.03531316668,-0.1827925444,-0.006422783248,1
0.03531316668,0.03716566041,-0.1769987196,-0.005133200437,1
0.03531316668,0.03901815414,-0.1771702319,-0.006380107719,1
0.03531316668,0.04087064788,-0.1795168519,-0.008991762996,1
0.03531316668,0.04272314161,-0.1808784902,-0.01216035802,1
0.03531316668,0.04457563907,-0.1762776524,-0.01450874936,1
0.03531316668,0.0464281328,-0.1640130728,-0.01124504488,1
0.03531316668,0.04828062654,-0.1502299458,-0.004697126802,1
0.03531316668,0.05013312027,-0.1299158186,-0.003169511445,2
0.03531316668,0.051985614,NaN,NaN,0
0.03531316668,0.05383810773,NaN,NaN,0
0.03716566041,0.001968274824,NaN,NaN,0
0.03716566041,0.003820769023,-0.2105256766,-0.001570526278,1
0.03716566041,0.005673262756,-0.2062432468,-0.001148066134,1
0.03716566041,0.007525756955,-0.2007085979,-0.0003371065541,1
0.03716566041,0.009378250688,-0.1953683197,0.00111098343,1
0.03716566041,0.01123074535,-0.1888653636,0.002811358776,1
0.03716566041,0.01308323909,-0.1798854768,0.003153396538,1
0.03716566041,0.01493573282,-0.1718714386,0.001804813626,1
0.03716566041,0.01678822748,-0.1668554097,-4.902218279e-05,1
0.03716566041,0.01864072122,-0.160978049,0.000194560489,1
0.03716566041,0.02049321495,-0.1616619825,0.004394831136,1
0.03716566041,0.02234570868,-0.1709620059,0.006057761144,1
0.03716566041,0.02419820242,-0.1820764393,0.0030351358,1
0.03716566041,0.02605069801,-0.1932414174,-0.001440223539,1
0.03716566041,0.02790319175,-0.2018318325,-0.005543468054,1
0.03716566041,0.02975568548,-0.2037159353,-0.005500233732,1
0.03716566041,0.03160817921,-0.200220868,-0.005391858052,1
0.03716566041,0.03346067294,-0.1910552382,-0.007841684856,1
0.03716566041,0.03531316668,-0.1799955368,-0.009727579542,1
0.03716566041,0.03716566041,-0.1744012684,-0.01000833325,1
0.03716566041,0.03901815414,-0.1734624952,-0.00952619873,1
0.03716566041,0.04087064788,-0.1748783588,-0.008162734099,1
0.03716566041,0.04272314161,-0.1763133556,-0.009205833077,1
0.03716566041,0.04457563907,-0.1714036614,-0.01284365915,1
0.03716566041,0.0464281328,-0.1571077257,-0.01074528415,1
0.03716566041,0.04828062654,-0.1413441896,-0.004345938563,1
0.03716566041,0.05013312027,-0.1245919839,-0.002975872718,2
0.03716566041,0.051985614,NaN,NaN,0
0.03716566041,0.05383810773,NaN,NaN,0
0.03901815414,0.001968274824,NaN,NaN,0
0.03901815414,0.003820769023,-0.2111726701,-0.007011212409,1
0.03901815414,0.005673262756,-0.2071605027,-0.007257575635,1
0.03901815414,0.007525756955,-0.2002822608,-0.006229316816,1
0.03901815414,0.009378250688,-0.1924869269,-0.004812017083,1
0.03901815414,0.01123074535,-0.1829685122,-0.00307886512,1
0.03901815414,0.01308323909,-0.1746400595,-0.001758282189,1
0.03901815414,0.01493573282,-0.1683610678,-0.001207189751,1
0.03901815414,0.01678822748,-0.1650680155,-0.0007081835647,1
0.03901815414,0.01864072122,-0.1625683904,0.0004447854008,1
0.03901815414,0.02049321495,-0.1646477878,0.00737168733,1
0.03901815414,0.02234570868,-0.1728023887,0.01506021433,1
0.03901815414,0.02419820242,-0.1815419495,0.01611737907,1
0.03901815414,0.02605069801,-0.1922656298,0.009285450913,1
0.03901815414,0.02790319175,-0.1998549551,-0.001556611853,1
0.03901815414,0.02975568548,-0.2014332563,-0.005188887939,1
0.03901815414,0.03160817921,-0.1976416558,-0.005592108704,1
0.03901815414,0.03346067294,-0.1882099509,-0.008467356674,1
0.03901815414,0.03531316668,-0.1779917926,-0.01180457603,1
0.03901815414,0.03716566041,-0.1739306152,-0.01467683818,1
0.03901815414,0.03901815414,-0.1732296795,-0.01377825812,1
0.03901815414,0.04087064788,-0.173086375,-0.009419160895,1
0.03901815414,0.04272314161,-0.1736611426,-0.008803495206,1
0.03901815414,0.04457563907,-0.1680954695,-0.01192728151,1
0.03901815414,0.0464281328,-0.1521366239,-0.01026922092,1
0.03901815414,0.04828062654,-0.1337839961,-0.004572126549,1
0.03901815414,0.05013312027,-0.1156624183,-0.003162738169,2
0.03901815414,0.051985614,NaN,NaN,0
0.03901815414,0.05383810773,NaN,NaN,0
0.04087064788,0.001968274824,NaN,NaN,0
0.04087064788,0.003820769023,-0.2096108496,-0.009645471349,1
0.04087064788,0.005673262756,-0.2077459842,-0.0110408701,1
0.04087064788,0.007525756955,-0.2005901933,-0.009984400123,1
0.04087064788,0.009378250688,-0.190365389,-0.008380023763,1
0.04087064788,0.01123074535,-0.1802381426,-0.006431573536,1
0.04087064788,0.01308323909,-0.1734948009,-0.003220580984,1
0.04087064788,0.01493573282,-0.1680561006,-0.0003260718659,1
0.04087064788,0.01678822748,-0.1648008972,0.001466226764,1
0.04087064788,0.01864072122,-0.1658871323,0.00242113485,1
0.04087064788,0.02049321495,-0.1709104776,0.008999395184,1
0.04087064788,0.02234570868,-0.1775257289,0.01484409254,1
0.04087064788,0.02419820242,-0.1812992692,0.01170773711,1
0.04087064788,0.02605069801,-0.1882944852,0.004280000925,1
0.04087064788,0.02790319175,-0.195162639,-0.004105362576,1
0.04087064788,0.02975568548,-0.1972344965,-0.006627226248,1
0.04087064788,0.03160817921,-0.1939105541,-0.007099466398,1
0.04087064788,0.03346067294,-0.18515037,-0.01041180454,1
0.04087064788,0.03531316668,-0.1765124053,-0.01408369187,1
0.04087064788,0.03716566041,-0.1753848344,-0.01672231033,1
0.04087064788,0.03901815414,-0.1764515638,-0.01559108403,1
0.04087064788,0.04087064788,-0.175880909,-0.0100897681,1
0.04087064788,0.04272314161,-0.1751264632,-0.008647338487,1
0.04087064788,0.04457563907,-0.1690581292,-0.0100931488,1
0.04087064788,0.0464281328,-0.1540815234,-0.00962411426,1
0.04087064788,0.04828062654,-0.1341897547,-0.005877287593,1
0.04087064788,0.05013312027,-0.1039797664,-0.003741070861,2
0.04087064788,0.051985614,NaN,NaN,0
0.04087064788,0.05383810773,NaN,NaN,0
0.04272314161,0.001968274824,NaN,NaN,0
0.04272314161,0.003820769023,-0.2071455419,-0.006216068752,1
0.04272314161,0.005673262756,-0.2069565654,-0.009299594909,1
0.04272314161,0.007525756955,-0.2002737969,-0.01036738232,1
0.04272314161,0.009378250688,-0.1884560585,-0.009932552464,1
0.04272314161,0.01123074535,-0.1795794219,-0.008045434952,1
0.04272314161,0.01308323909,-0.1751449853,-0.004105128348,1
0.04272314161,0.01493573282,-0.1706014574,0.0006195612368,1
0.04272314161,0.01678822748,-0.1670108885,0.004387573339,1
0.04272314161,0.01864072122,-0.1697147191,0.007088709623,1
0.04272314161,0.02049321495,-0.1773969084,0.01163223665,1
0.04272314161,0.02234570868,-0.1819770187,0.01233217306,1
0.04272314161,0.02419820242,-0.181474939,0.006294077262,1
0.04272314161,0.02605069801,-0.1853218079,-0.0007513970486,1
0.04272314161,0.02790319175,-0.1907834262,-0.006745498627,1
0.04272314161,0.02975568548,-0.1911241263,-0.009135182947,1
0.04272314161,0.03160817921,-0.1865048259,-0.01331088971,1
0.04272314161,0.03346067294,-0.1793768257,-0.01940998621,1
0.04272314161,0.03531316668,-0.1754992902,-0.02105716802,1
0.04272314161,0.03716566041,-0.1785250455,-0.01829455793,1
0.04272314161,0.03901815414,-0.1803157479,-0.01471475326,1
0.04272314161,0.04087064788,-0.1777935773,-0.008324823342,1
0.04272314161,0.04272314161,-0.1735534817,-0.005952305626,1
0.04272314161,0.04457563907,-0.1653209031,-0.008365120739,1
0.04272314161,0.0464281328,-0.1496827006,-0.009212205186,1
0.04272314161,0.04828062654,-0.1247898713,-0.005334357731,1
0.04272314161,0.05013312027,-0.07653344423,-0.002969572088,2
0.04272314161,0.051985614,NaN,NaN,0
0.04272314161,0.05383810773,NaN,NaN,0
0.04457563907,0.001968274824,NaN,NaN,0
0.04457563907,0.003820769023,-0.2028515935,-0.001132629113,1
0.04457563907,0.005673262756,-0.2033751309,-0.004784036428,1
0.04457563907,0.007525756955,-0.1990756094,-0.007870004512,1
0.04457563907,0.009378250688,-0.1890117824,-0.009559153579,1
0.04457563907,0.01123074535,-0.1810342371,-0.008597161621,1
0.04457563907,0.01308323909,-0.1770813912,-0.005656810477,1
0.04457563907,0.01493573282,-0.173743993,-0.001116085215,1
0.04457563907,0.01678822748,-0.1716117561,0.003652873449,1
0.04457563907,0.01864072122,-0.1739673167,0.005905630533,1
0.04457563907,0.02049321495,-0.1805786341,0.006066637114,1
0.04457563907,0.02234570868,-0.1845206767,0.003869436448,1
0.04457563907,0.02419820242,-0.1830873787,0.0001876465249,1
0.04457563907,0.02605069801,-0.182736069,-0.004495706409,1
0.04457563907,0.02790319175,-0.1831492037,-0.01019738894,1
0.04457563907,0.02975568548,-0.1811407954,-0.0136207398,1
0.04457563907,0.03160817921,-0.1777156591,-0.0185660813,1
0.04457563907,0.03346067294,-0.1765794009,-0.02312547527,1
0.04457563907,0.03531316668,-0.1790505052,-0.02107187361,1
0.04457563907,0.03716566041,-0.1829300076,-0.01662670076,1
0.04457563907,0.03901815414,-0.1823180318,-0.01407685131,1
0.04457563907,0.04087064788,-0.1770821959,-0.009018134326,1
0.04457563907,0.04272314161,-0.1689070761,-0.005526156165,1
0.04457563907,0.04457563907,-0.158199653,-0.008696719073,1
0.04457563907,0.0464281328,-0.1405152977,-0.01016357075,1
0.04457563907,0.04828062654,-0.1080682725,-0.004389516544,1
0.04457563907,0.05013312027,-0.03334566206,-0.001459715073,1
0.04457563907,0.051985614,NaN,NaN,0
0.04457563907,0.05383810773,NaN,NaN,0
0.0464281328,0.001968274824,NaN,NaN,0
0.0464281328,0.003820769023,-0.1985863596,-4.227825775e-05,1
0.0464281328,0.005673262756,-0.1984485537,-0.001983037684,1
0.0464281328,0.007525756955,-0.197614342,-0.004342101514,1
0.0464281328,0.009378250688,-0.1916510165,-0.006275445689,1
0.0464281328,0.01123074535,-0.1839376986,-0.006585246418,1
0.0464281328,0.01308323909,-0.1790583581,-0.005571387708,1
0.0464281328,0.01493573282,-0.1756772846,-0.002745609498,1
0.0464281328,0.01678822748,-0.1749557704,0.0005238199956,1
0.0464281328,0.01864072122,-0.1764492393,0.0005110714119,1
0.0464281328,0.02049321495,-0.1802262813,-0.00310267834,1
0.0464281328,0.02234570868,-0.1847701818,-0.006281735841,1
0.0464281328,0.02419820242,-0.185321942,-0.00742878858,1
0.0464281328,0.02605069801,-0.1820170283,-0.00856122002,1
0.0464281328,0.02790319175,-0.177391544,-0.01228024531,1
0.0464281328,0.02975568548,-0.1752333194,-0.01426918991,1
0.0464281328,0.03160817921,-0.1762893796,-0.01639913768,1
0.0464281328,0.03346067294,-0.181536451,-0.01725382172,1
0.0464281328,0.03531316668,-0.1882037818,-0.01396490168,1
0.0464281328,0.03716566041,-0.1890182942,-0.01214982476,1
0.0464281328,0.03901815414,-0.1828910112,-0.01364127919,1
0.0464281328,0.04087064788,-0.1753496528,-0.01190438773,1
0.0464281328,0.04272314161,-0.1659499258,-0.008689722046,1
0.0464281328,0.04457563907,-0.1536580473,-0.009833081625,1
0.0464281328,0.0464281328,-0.1313173473,-0.01173692849,1
0.0464281328,0.04828062654,-0.09439606965,-0.005802182946,1
0.0464281328,0.05013312027,-0.01502166409,-0.001454356359,1
0.0464281328,0.051985614,NaN,NaN,0
0.0464281328,0.05383810773,NaN,NaN,0
0.04828062654,0.001968274824,NaN,NaN,0
0.04828062654,0.003820769023,-0.1977246851,0.001371074817,1
0.04828062654,0.005673262756,-0.1966618598,0.002268016338,1
0.04828062654,0.007525756955,-0.1953864843,0.001339653507,1
0.04828062654,0.009378250688,-0.1921507865,-0.0006031545927,1
0.04828062654,0.01123074535,-0.1859081089,-0.002111492213,1
0.04828062654,0.01308323909,-0.1791443229,-0.00286943512,1
0.04828062654,0.01493573282,-0.1737567633,-0.002352403942,1
0.04828062654,0.01678822748,-0.1714565009,-0.002715255134,1
0.04828062654,0.01864072122,-0.1716110557,-0.005605225451,1
0.04828062654,0.02049321495,-0.1752680838,-0.009833030403,1
0.04828062654,0.02234570868,-0.1824339777,-0.01369714458,1
0.04828062654,0.02419820242,-0.186003983,-0.01482006535,1
0.04828062654,0.02605069801,-0.1838570237,-0.01441014092,1
0.04828062654,0.02790319175,-0.1772921532,-0.01284056157,1
0.04828062654,0.02975568548,-0.1757267267,-0.009429326281,1
0.04828062654,0.03160817921,-0.1804973483,-0.007901150733,1
0.04828062654,0.03346067294,-0.1880322993,-0.008293475024,1
0.04828062654,0.03531316668,-0.1937415004,-0.006861092057,1
0.04828062654,0.03716566041,-0.1924291849,-0.006645984948,1
0.04828062654,0.03901815414,-0.1841143966,-0.008902124129,1
0.04828062654,0.04087064788,-0.1749808937,-0.01071864925,1
0.04828062654,0.04272314161,-0.1662475169,-0.01025846507,1
0.04828062654,0.04457563907,-0.1533211172,-0.008922929876,1
0.04828062654,0.0464281328,-0.1263462752,-0.009405181743,1
0.04828062654,0.04828062654,-0.0867402181,-0.005781443324,1
0.04828062654,0.05013312027,-0.01075277757,-0.001422700705,1
0.04828062654,0.051985614,NaN,NaN,0
0.04828062654,0.05383810773,NaN,NaN,0
0.05013312027,0.001968274824,NaN,NaN,0
0.05013312027,0.003820769023,-0.1983202249,0.003299837001,1
0.05013312027,0.005673262756,-0.1974372566,0.006805222947,1
0.05013312027,0.007525756955,-0.1946847141,0.006528174505,1
0.05013312027,0.009378250688,-0.1912636012,0.004669651389,1
0.05013312027,0.01123074535,-0.1851983219,0.002657381352,1
0.05013312027,0.01308323909,-0.177161634,0.001027194085,1
0.05013312027,0.01493573282,-0.1695709676,-0.001601293101,1
0.05013312027,0.01678822748,-0.1640512347,-0.005729932804,1
0.05013312027,0.01864072122,-0.1633330435,-0.01076141,1
0.05013312027,0.02049321495,-0.1697021276,-0.0138228992,1
0.05013312027,0.02234570868,-0.180047974,-0.01681643911,1
0.05013312027,0.02419820242,-0.1864661276,-0.01831626333,1
0.05013312027,0.02605069801,-0.1863665879,-0.01757523417,1
0.05013312027,0.02790319175,-0.1811797768,-0.01274364349,1
0.05013312027,0.02975568548,-0.1795013845,-0.006907524541,1
0.05013312027,0.03160817921,-0.1834318489,-0.003991323989,1
0.05013312027,0.03346067294,-0.1881229281,-0.003979354631,1
0.05013312027,0.03531316668,-0.1903031915,-0.003170286305,1
0.05013312027,0.03716566041,-0.1895691007,-0.002491429215,1
0.05013312027,0.03901815414,-0.183665365,-0.002738899086,1
0.05013312027,0.04087064788,-0.1755927056,-0.004185093567,1
0.05013312027,0.04272314161,-0.1688367277,-0.004983989988,1
0.05013312027,0.04457563907,-0.1582288891,-0.003681164933,1
0.05013312027,0.0464281328,-0.1317027062,-0.00419398956,1
0.05013312027,0.04828062654,-0.08468169719,-0.004286217503,1
0.05013312027,0.05013312027,-0.01099884044,-0.001072010607,1
0.05013312027,0.051985614,NaN,NaN,0
0.05013312027,0.05383810773,NaN,NaN,0
0.051985614,0.001968274824,NaN,NaN,0
0.051985614,0.003820769023,-0.1980372667,0.002873000922,1
0.051985614,0.005673262756,-0.1967738271,0.007241094485,1
0.051985614,0.007525756955,-0.1936220527,0.008100023493,1
0.051985614,0.009378250688,-0.1898777485,0.007983324118,1
0.051985614,0.01123074535,-0.1844723374,0.006457360927,1
0.051985614,0.01308323909,-0.1760989279,0.004062038381,1
0.051985614,0.01493573282,-0.1660868227,-0.0006498860894,1
0.051985614,0.01678822748,-0.1575140655,-0.007490243763,1
0.051985614,0.01864072122,-0.1573445052,-0.01408703811,1
0.051985614,0.02049321495,-0.1662751734,-0.01743619144,1
0.051985614,0.02234570868,-0.1788866371,-0.01901119947,1
0.051985614,0.02419820242,-0.1867089272,-0.02042248473,1
0.051985614,0.02605069801,-0.1861801893,-0.01923536509,1
0.051985614,0.02790319175,-0.1821439415,-0.01406824309,1
0.051985614,0.02975568548,-0.1801223308,-0.008775677532,1
0.051985614,0.03160817921,-0.1797616482,-0.005299875978,1
0.051985614,0.03346067294,-0.1815567762,-0.003938505426,1
0.051985614,0.03531316668,-0.1837390065,-0.002252235543,1
0.051985614,0.03716566041,-0.1845839471,-0.0004950747243,1
0.051985614,0.03901815414,-0.1824529767,0.001391824102,1
0.051985614,0.04087064788,-0.1774974614,0.002656954573,1
0.051985614,0.04272314161,-0.1727859825,0.003058380913,1
0.051985614,0.04457563907,-0.1631354392,0.002579387743,1
0.051985614,0.0464281328,-0.1353760064,3.109911631e-05,1
0.051985614,0.04828062654,-0.07549719512,-0.002030436415,1
0.051985614,0.05013312027,-0.008093833923,-0.0007112443564,1
0.051985614,0.051985614,NaN,NaN,0
0.051985614,0.05383810773,NaN,NaN,0
0.05383810773,0.001968274824,NaN,NaN,0
0.05383810773,0.003820769023,-0.1977361292,-0.0004812632396,1
0.05383810773,0.005673262756,-0.1951788515,0.001979420893,1
0.05383810773,0.007525756955,-0.1911935806,0.004776544869,1
0.05383810773,0.009378250688,-0.1882788539,0.007940777577,1
0.05383810773,0.01123074535,-0.1858755052,0.008884198964,1
0.05383810773,0.01308323909,-0.1773789078,0.006786474492,1
0.05383810773,0.01493573282,-0.1645497531,0.001337717404,1
0.05383810773,0.01678822748,-0.1529898942,-0.007379431278,1
0.05383810773,0.01864072122,-0.1524589062,-0.01554061379,1
0.05383810773,0.02049321495,-0.1630163342,-0.01998276822,1
0.05383810773,0.02234570868,-0.1779253185,-0.0217366349,1
0.05383810773,0.02419820242,-0.1869910359,-0.02468608692,1
0.05383810773,0.02605069801,-0.1842220277,-0.02440840192,1
0.05383810773,0.02790319175,-0.1796171814,-0.02070514299,1
0.05383810773,0.02975568548,-0.1772649437,-0.01421373617,1
0.05383810773,0.03160817921,-0.1740629226,-0.007913509384,1
0.05383810773,0.03346067294,-0.174452737,-0.0051049334,1
0.05383810773,0.03531316668,-0.1791416854,-0.003974890336,1
0.05383810773,0.03716566041,-0.1818112433,-0.003045100952,1
0.05383810773,0.03901815414,-0.1805427969,-0.0006546473014,1
0.05383810773,0.04087064788,-0.1764618605,0.002822753042,1
0.05383810773,0.04272314161,-0.1715180576,0.005054797977,1
0.05383810773,0.04457563907,-0.1582194567,0.004047984723,1
0.05383810773,0.0464281328,-0.1209703013,0.000298960309,1
0.05383810773,0.04828062654,-0.03860731423,-0.0008144722087,1
0.05383810773,0.05013312027,0.0002695201547,-0.0006616226165,1
0.05383810773,0.051985614,NaN,NaN,0
0.05383810773,0.05383810773,NaN,NaN,0
0.05569060147,0.001968274824,NaN,NaN,0
0.05569060147,0.003820769023,-0.1976870298,-0.006317807361,1
0.05569060147,0.005673262756,-0.195771426,-0.006521596573,1
0.05569060147,0.007525756955,-0.1938055605,-0.001860803226,1
0.05569060147,0.009378250688,-0.1913500279,0.004646373913,1
0.05569060147,0.01123074535,-0.1870503873,0.008107489906,1
0.05569060147,0.01308323909,-0.1768719703,0.005822551902,1
0.05569060147,0.01493573282,-0.1611015201,-0.0001660960115,1
0.05569060147,0.01678822748,-0.1491272449,-0.008670036681,1
0.05569060147,0.01864072122,-0.150336802,-0.01535508595,1
0.05569060147,0.02049321495,-0.1614956707,-0.01892978884,1
0.05569060147,0.02234570868,-0.1774197668,-0.02099777386,1
0.05569060147,0.02419820242,-0.1881457865,-0.02617983893,1
0.05569060147,0.02605069801,-0.1856749356,-0.02731951326,1
0.05569060147,0.02790319175,-0.181005016,-0.02465703152,1
0.05569060147,0.02975568548,-0.1781624109,-0.01736725122,1
0.05569060147,0.03160817921,-0.1744985431,-0.01081771124,1
0.05569060147,0.03346067294,-0.1729810387,-0.007714521606,1
0.05569060147,0.03531316668,-0.1774174124,-0.009076732211,1
0.05569060147,0.03716566041,-0.1792849004,-0.01096333936,1
0.05569060147,0.03901815414,-0.1752961874,-0.009300505742,1
0.05569060147,0.04087064788,-0.1692049503,-0.005310704932,1
0.05569060147,0.04272314161,-0.163847208,-0.0007643983117,1
0.05569060147,0.04457563907,-0.1492438465,-0.0008058837848,1
0.05569060147,0.0464281328,-0.1153456345,-0.004136232194,1
0.05569060147,0.04828062654,-0.05327190831,-0.002143735066,1
0.05569060147,0.05013312027,-0.008658546023,-0.001157464925,1
0.05569060147,0.051985614,NaN,NaN,0
0.05569060147,0.05383810773,NaN,NaN,0
0.0575430952,0.001968274824,NaN,NaN,0
0.0575430952,0.003820769023,-0.1978117973,-0.01157492027,1
0.0575430952,0.005673262756,-0.1986461878,-0.01291492954,1
0.0575430952,0.007525756955,-0.2001373172,-0.008426267654,1
0.0575430952,0.009378250688,-0.197222665,-0.002860595938,1
0.0575430952,0.01123074535,-0.1888685375,-0.0004656052624,1
0.0575430952,0.01308323909,-0.17506136,-0.002274573315,1
0.0575430952,0.01493573282,-0.157120958,-0.006147908513,1
0.0575430952,0.01678822748,-0.1469640583,-0.0113752326,1
0.0575430952,0.01864072122,-0.1503955871,-0.01378488634,1
0.0575430952,0.02049321495,-0.1616387814,-0.01420995779,1
0.0575430952,0.02234570868,-0.1783681065,-0.01465540286,1
0.0575430952,0.02419820242,-0.1896448135,-0.01973091625,1
0.0575430952,0.02605069801,-0.1912997216,-0.02135963365,1
0.0575430952,0.02790319175,-0.1888481379,-0.01918116026,1
0.0575430952,0.02975568548,-0.1846404672,-0.01600847021,1
0.0575430952,0.03160817921,-0.1815024912,-0.01555186324,1
0.0575430952,0.03346067294,-0.176462546,-0.01433662139,1
0.0575430952,0.03531316668,-0.1763418615,-0.01732780226,1
0.0575430952,0.03716566041,-0.1761911064,-0.02089658566,1
0.0575430952,0.03901815414,-0.1710456461,-0.02026931569,1
0.0575430952,0.04087064788,-0.1637491882,-0.01640830189,1
0.0575430952,0.04272314161,-0.1566033661,-0.009775090031,1
0.0575430952,0.04457563907,-0.1417987794,-0.006293798331,1
0.0575430952,0.0464281328,-0.1072922274,-0.005246705376,1
0.0575430952,0.04828062654,-0.03535145149,-0.001260415651,1
0.0575430952,0.05013312027,-0.006289842539,-0.0002423387778,1
0.0575430952,0.051985614,NaN,NaN,0
0.0575430952,0.05383810773,NaN,NaN,0
0.05939558893,0.001968274824,NaN,NaN,0
0.05939558893,0.003820769023,-0.1982087195,-0.0136381248,1
0.05939558893,0.005673262756,-0.2008059174,-0.0152554689,1
0.05939558893,0.007525756955,-0.2029697597,-0.01399951521,1
0.05939558893,0.009378250688,-0.1981303841,-0.01502225455,1
0.05939558893,0.01123074535,-0.1874788254,-0.01479025092,1
0.05939558893,0.01308323909,-0.173274681,-0.01361864433,1
0.05939558893,0.01493573282,-0.1566338688,-0.01332465466,1
0.05939558893,0.01678822748,-0.1485470533,-0.01306766458,1
0.05939558893,0.01864072122,-0.151413992,-0.009960820898,1
0.05939558893,0.02049321495,-0.1604444981,-0.006387973204,1
0.05939558893,0.02234570868,-0.1765838712,-0.004773079418,1
0.05939558893,0.02419820242,-0.1901755035,-0.008311660029,1
0.05939558893,0.02605069801,-0.1951917708,-0.01027085353,1
0.05939558893,0.02790319175,-0.1948598921,-0.0101765031,1
0.05939558893,0.02975568548,-0.1917767674,-0.01363477297,1
0.05939558893,0.03160817921,-0.1904582828,-0.02223354205,1
0.05939558893,0.03346067294,-0.1818804443,-0.02378415875,1
0.05939558893,0.03531316668,-0.1756997108,-0.02436082251,1
0.05939558893,0.03716566041,-0.1725822091,-0.02674811706,1
0.05939558893,0.03901815414,-0.1675636172,-0.02716669068,1
0.05939558893,0.04087064788,-0.1611240655,-0.02394044958,1
0.05939558893,0.04272314161,-0.1542387307,-0.0156908147,1
0.05939558893,0.04457563907,-0.1414097548,-0.007810071111,1
0.05939558893,0.0464281328,-0.109601818,-0.002784421435,1
0.05939558893,0.04828062654,-0.03232131153,0.0005658382433,1
0.05939558893,0.05013312027,-0.007073217072,0.0007549333968,1
0.05939558893,0.051985614,NaN,NaN,0
0.05939558893,0.05383810773,NaN,NaN,0
0.06124808267,0.001968274824,NaN,NaN,0
0.06124808267,0.003820769023,-0.1983453333,-0.01271770895,1
0.06124808267,0.005673262756,-0.2005822361,-0.01451122947,1
0.06124808267,0.007525756955,-0.2006223798,-0.01737948507,1
0.06124808267,0.009378250688,-0.1945257634,-0.02403978631,1
0.06124808267,0.01123074535,-0.1843333691,-0.02715508826,1
0.06124808267,0.01308323909,-0.173254326,-0.02412047423,1
0.06124808267,0.01493573282,-0.1612628996,-0.01751226187,1
0.06124808267,0.01678822748,-0.1555755883,-0.01109770127,1
0.06124808267,0.01864072122,-0.1561963409,-0.004374864977,1
0.06124808267,0.02049321495,-0.1619454622,0.0009841511492,1
0.06124808267,0.02234570868,-0.1760636717,0.002638638485,1
0.06124808267,0.02419820242,-0.1905221492,-0.0003540139878,1
0.06124808267,0.02605069801,-0.1943722069,-0.003236271907,1
0.06124808267,0.02790319175,-0.194448337,-0.005168071017,1
0.06124808267,0.02975568548,-0.1949437708,-0.008308866061,1
0.06124808267,0.03160817921,-0.1945540905,-0.01728732325,1
0.06124808267,0.03346067294,-0.1850884259,-0.02407486178,1
0.06124808267,0.03531316668,-0.1749864519,-0.02505744807,1
0.06124808267,0.03716566041,-0.1683820039,-0.02683985233,1
0.06124808267,0.03901815414,-0.1648844182,-0.02763298526,1
0.06124808267,0.04087064788,-0.1614700109,-0.0242484808,1
0.06124808267,0.04272314161,-0.15653795,-0.01627257094,1
0.06124808267,0.04457563907,-0.146189779,-0.007450546138,1
0.06124808267,0.0464281328,-0.1182614714,-0.00135561428,1
0.06124808267,0.04828062654,-0.0416514948,0.0006905251648,1
0.06124808267,0.05013312027,-0.006398242433,0.0004199879186,1
0.06124808267,0.051985614,NaN,NaN,0
0.06124808267,0.05383810773,NaN,NaN,0
0.0631005764,0.001968274824,NaN,NaN,0
0.0631005764,0.003820769023,-0.197036311,-0.01026805583,1
0.0631005764,0.005673262756,-0.1988229305,-0.01216735784,1
0.0631005764,0.007525756955,-0.1980846673,-0.01745822653,1
0.0631005764,0.009378250688,-0.192318514,-0.02326205,1
0.0631005764,0.01123074535,-0.1845980287,-0.02589676715,1
0.0631005764,0.01308323909,-0.1779140085,-0.02260345221,1
0.0631005764,0.01493573282,-0.1700855196,-0.01379631367,1
0.0631005764,0.01678822748,-0.1644825488,-0.005391013343,1
0.0631005764,0.01864072122,-0.1632236838,0.002476286842,1
0.0631005764,0.02049321495,-0.1678762436,0.007139171939,1
0.0631005764,0.02234570868,-0.1785510778,0.006596301217,1
0.0631005764,0.02419820242,-0.1886813194,0.002518252935,1
0.0631005764,0.02605069801,-0.1914447844,-0.0005224363413,1
0.0631005764,0.02790319175,-0.1941756308,-0.000917135505,1
0.0631005764,0.02975568548,-0.1990503967,-0.0002657108416,1
0.0631005764,0.03160817921,-0.1971394867,-0.006652378943,1
0.0631005764,0.03346067294,-0.1854886115,-0.0169286821,1
0.0631005764,0.03531316668,-0.1725280136,-0.02104390971,1
0.0631005764,0.03716566041,-0.1659077555,-0.02428716235,1
0.0631005764,0.03901815414,-0.1661587358,-0.02574486099,1
0.0631005764,0.04087064788,-0.1658048481,-0.02260865457,1
0.0631005764,0.04272314161,-0.1613326073,-0.01539970096,1
0.0631005764,0.04457563907,-0.1523729712,-0.007620857097,1
0.0631005764,0.0464281328,-0.1358950436,-0.002645710018,1
0.0631005764,0.04828062654,-0.0918911323,-0.0008303733193,1
0.0631005764,0.05013312027,-0.01708599739,-0.0008856026107,1
0.0631005764,0.051985614,NaN,NaN,0
0.0631005764,0.05383810773,NaN,NaN,0
0.06495307386,0.001968274824,NaN,NaN,0
0.06495307386,0.003820769023,-0.1958189309,-0.008870678023,1
0.06495307386,0.005673262756,-0.1972444654,-0.01030633971,1
0.06495307386,0.007525756955,-0.1959267408,-0.01542664599,1
0.06495307386,0.009378250688,-0.1916339546,-0.0199278798,1
0.06495307386,0.01123074535,-0.1873968095,-0.02123305388,1
0.06495307386,0.01308323909,-0.1845297962,-0.01770512201,1
0.06495307386,0.01493573282,-0.1800516993,-0.008987166919,1
0.06495307386,0.01678822748,-0.1736941785,0.0002954903175,1
0.06495307386,0.01864072122,-0.1691247076,0.008432970382,1
0.06495307386,0.02049321495,-0.1708644927,0.01122594904,1
0.06495307386,0.02234570868,-0.1772970408,0.008674467914,1
0.06495307386,0.02419820242,-0.1848845184,0.003967154771,1
0.06495307386,0.02605069801,-0.1894808263,0.0008916253573,1
0.06495307386,0.02790319175,-0.1934971362,0.001258275704,1
0.06495307386,0.02975568548,-0.1980069578,0.001315416303,1
0.06495307386,0.03160817921,-0.1939875335,-0.005392393563,1
0.06495307386,0.03346067294,-0.1820007861,-0.01507087611,1
0.06495307386,0.03531316668,-0.17064403,-0.01951640658,1
0.06495307386,0.03716566041,-0.1662740707,-0.02120646089,1
0.06495307386,0.03901815414,-0.1688324809,-0.02141793258,1
0.06495307386,0.04087064788,-0.1718433648,-0.01983158477,1
0.06495307386,0.04272314161,-0.1680499911,-0.01396210957,1
0.06495307386,0.04457563907,-0.1563994139,-0.007830586284,1
0.06495307386,0.0464281328,-0.1416387409,-0.004581422545,1
0.06495307386,0.04828062654,-0.1083695889,-0.002356542973,1
0.06495307386,0.05013312027,-0.02212190442,-0.001670235652,1
0.06495307386,0.051985614,NaN,NaN,0
0.06495307386,0.05383810773,NaN,NaN,0
0.06680556387,0.001968274824,NaN,NaN,0
0.06680556387,0.003820769023,-0.1951199323,-0.009326588362,1
0.06680556387,0.005673262756,-0.1958301514,-0.009346942417,1
0.06680556387,0.007525756955,-0.1948033422,-0.01193157956,1
0.06680556387,0.009378250688,-0.19271034,-0.01441194955,1
0.06680556387,0.01123074535,-0.1925482601,-0.01484898385,1
0.06680556387,0.01308323909,-0.192792818,-0.01200198568,1
0.06680556387,0.01493573282,-0.1908181459,-0.003939181566,1
0.06680556387,0.01678822748,-0.184124887,0.004562918562,1
0.06680556387,0.01864072122,-0.1755490601,0.01121592242,1
0.06680556387,0.02049321495,-0.1720136255,0.0127282599,1
0.06680556387,0.02234570868,-0.1741961539,0.009339102544,1
0.06680556387,0.02419820242,-0.1816730797,0.003659746377,1
0.06680556387,0.02605069801,-0.1886039227,1.290549244e-05,1
0.06680556387,0.02790319175,-0.1906728297,-0.00124202529,1
0.06680556387,0.02975568548,-0.1907788664,-0.004429368302,1
0.06680556387,0.03160817921,-0.186050877,-0.01221049111,1
0.06680556387,0.03346067294,-0.1773411483,-0.01934785582,1
0.06680556387,0.03531316668,-0.170893684,-0.02270329744,1
0.06680556387,0.03716566041,-0.1684097946,-0.02244791202,1
0.06680556387,0.03901815414,-0.1712910235,-0.02011908591,1
0.06680556387,0.04087064788,-0.1760431379,-0.01660048775,1
0.06680556387,0.04272314161,-0.1741517186,-0.01107145566,1
0.06680556387,0.04457563907,-0.1597654074,-0.007913500071,1
0.06680556387,0.0464281328,-0.1415109038,-0.006813659333,1
0.06680556387,0.04828062654,-0.1110013202,-0.003844903316,1
0.06680556387,0.05013312027,-0.0291839391,-0.001773148892,1
0.06680556387,0.051985614,NaN,NaN,0
0.06680556387,0.05383810773,NaN,NaN,0
0.06865806133,0.001968274824,NaN,NaN,0
0.06865806133,0.003820769023,-0.1953471452,-0.01087301224,1
0.06865806133,0.005673262756,-0.1954513043,-0.009151872247,1
0.06865806133,0.007525756955,-0.1946690381,-0.008326004259,1
0.06865806133,0.009378250688,-0.1935361177,-0.007932236418,1
0.06865806133,0.01123074535,-0.1959242374,-0.006938725244,1
0.06865806133,0.01308323909,-0.1988772005,-0.004510089289,1
0.06865806133,0.01493573282,-0.199227348,0.001704893773,1
0.06865806133,0.01678822748,-0.1927027404,0.00770810293,1
0.06865806133,0.01864072122,-0.180745542,0.01109366585,1
0.06865806133,0.02049321495,-0.1722303927,0.01213292032,1
0.06865806133,0.02234570868,-0.1711807549,0.009125347249,1
0.06865806133,0.02419820242,-0.1786136329,0.002034377772,1
0.06865806133,0.02605069801,-0.1862817109,-0.00245866552,1
0.06865806133,0.02790319175,-0.1871163845,-0.006175846327,1
0.06865806133,0.02975568548,-0.1830796152,-0.01223545335,1
0.06865806133,0.03160817921,-0.1786578894,-0.01947171614,1
0.06865806133,0.03346067294,-0.1733918637,-0.02400676347,1
0.06865806133,0.03531316668,-0.1697127819,-0.02679872699,1
0.06865806133,0.03716566041,-0.1691803336,-0.02642605267,1
0.06865806133,0.03901815414,-0.1724221706,-0.02329175361,1
0.06865806133,0.04087064788,-0.1768496484,-0.01694086939,1
0.06865806133,0.04272314161,-0.1743912995,-0.01030374318,1
0.06865806133,0.04457563907,-0.1587045789,-0.008432214148,1
0.06865806133,0.0464281328,-0.1389430016,-0.00749774836,1
0.06865806133,0.04828062654,-0.1140774116,-0.004331108648,1
0.06865806133,0.05013312027,-0.06327530742,-0.002177863615,2
0.06865806133,0.051985614,NaN,NaN,0
0.06865806133,0.05383810773,NaN,NaN,0
0.07051055133,0.001968274824,NaN,NaN,0
0.07051055133,0.003820769023,-0.1977129132,-0.01158483606,1
0.07051055133,0.005673262756,-0.1988956481,-0.008624922484,1
0.07051055133,0.007525756955,-0.197394833,-0.006159101613,1
0.07051055133,0.009378250688,-0.1963567436,-0.004229869694,1
0.07051055133,0.01123074535,-0.1987433732,-0.001814652816,1
0.07051055133,0.01308323909,-0.2026590705,0.002033232246,1
0.07051055133,0.01493573282,-0.2028652281,0.00549714081,1
0.07051055133,0.01678822748,-0.1947655082,0.006539876573,1
0.07051055133,0.01864072122,-0.1816247702,0.007025323808,1
0.07051055133,0.02049321495,-0.1708751321,0.008292187937,1
0.07051055133,0.02234570868,-0.1681528986,0.006642591208,1
0.07051055133,0.02419820242,-0.1726178229,0.00023666177,1
0.07051055133,0.02605069801,-0.1782611907,-0.00728435209,1
0.07051055133,0.02790319175,-0.1811383367,-0.01417381875,1
0.07051055133,0.02975568548,-0.1797136664,-0.02040640265,1
0.07051055133,0.03160817921,-0.1775462925,-0.02474666946,1
0.07051055133,0.03346067294,-0.1736139357,-0.02706989646,1
0.07051055133,0.03531316668,-0.168173179,-0.02949667722,1
0.07051055133,0.03716566041,-0.1664828509,-0.03003416769,1
0.07051055133,0.03901815414,-0.16979298,-0.02814590372,1
0.07051055133,0.04087064788,-0.1732659936,-0.02158271708,1
0.07051055133,0.04272314161,-0.1693402976,-0.0142446002,1
0.07051055133,0.04457563907,-0.1550061107,-0.00971331913,1
0.07051055133,0.0464281328,-0.1350802928,-0.006361656357,1
0.07051055133,0.04828062654,-0.1135447696,-0.002690315712,2
0.07051055133,0.05013312027,-0.08328521252,-0.001430140692,2
0.07051055133,0.051985614,NaN,NaN,0
0.07051055133,0.05383810773,NaN,NaN,0
0.07236304879,0.001968274824,NaN,NaN,0
0.07236304879,0.003820769023,-0.2028732002,-0.0111130029,1
0.07236304879,0.005673262756,-0.2036743164,-0.007402226329,1
0.07236304879,0.007525756955,-0.2003688067,-0.00592661975,1
0.07236304879,0.009378250688,-0.1982467175,-0.00502421381,1
0.07236304879,0.01123074535,-0.2001017481,-0.002652108204,1
0.07236304879,0.01308323909,-0.2034989595,0.002594308928,1
0.07236304879,0.01493573282,-0.2017434835,0.004463246092,1
0.07236304879,0.01678822748,-0.1907770634,0.0007103820099,1
0.07236304879,0.01864072122,-0.1772374064,-0.000721796765,1
0.07236304879,0.02049321495,-0.1680886447,0.0009974460118,1
0.07236304879,0.02234570868,-0.1648617089,0.001244535553,1
0.07236304879,0.02419820242,-0.1652151197,-0.003369410057,1
0.07236304879,0.02605069801,-0.1682468653,-0.01364256814,1
0.07236304879,0.02790319175,-0.1739877164,-0.02216006443,1
0.07236304879,0.02975568548,-0.1789664477,-0.02561918087,1
0.07236304879,0.03160817921,-0.1811611652,-0.02680467628,1
0.07236304879,0.03346067294,-0.1770870835,-0.02831098624,1
0.07236304879,0.03531316668,-0.1684063524,-0.03050536476,1
0.07236304879,0.03716566041,-0.1630584896,-0.03301448375,1
0.07236304879,0.03901815414,-0.1646184623,-0.03340142965,1
0.07236304879,0.04087064788,-0.1665812731,-0.02822599187,1
0.07236304879,0.04272314161,-0.1618524641,-0.02017381787,1
0.07236304879,0.04457563907,-0.1496579349,-0.01108876895,1
0.07236304879,0.0464281328,-0.132357344,-0.004036514089,1
0.07236304879,0.04828062654,-0.1140321195,0.0003972353297,1
0.07236304879,0.05013312027,-0.09138492495,7.597859076e-05,2
0.07236304879,0.051985614,NaN,NaN,0
0.07236304879,0.05383810773,NaN,NaN,0
