PIVlab, ASCII chart output - 08-Oct-2024
FRAME: 229, filenames: A: Basler_acA640-750um__24761715__20241004_145722425_0456.bmp & B: Basler_acA640-750um__24761715__20241004_145722425_0457.bmp, conversion factor xy (px -> m): 0.00011578, conversion factor uv (px/frame -> m/s): 0.034769
x [m],y [m],u [m/s],v [m/s],Vector type [-]
0.001968274824,0.001968274824,NaN,NaN,0
0.001968274824,0.003820769023,-0.1857630163,-0.004503400996,1
0.001968274824,0.005673262756,-0.1893544346,-0.006402308121,1
0.001968274824,0.007525756955,-0.1915607601,-0.005539227277,1
0.001968274824,0.009378250688,-0.1934204847,-0.00142131187,1
0.001968274824,0.01123074535,-0.1938149035,0.0009525333298,1
0.001968274824,0.01308323909,-0.1895678937,-0.001073363703,1
0.001968274824,0.01493573282,-0.1828943938,-0.005480182357,1
0.001968274824,0.01678822748,-0.177045688,-0.009052426554,1
0.001968274824,0.01864072122,-0.1783301085,-0.01282627415,1
0.001968274824,0.02049321495,-0.1872148514,-0.01839388721,1
0.001968274824,0.02234570868,-0.1919497401,-0.02374762855,1
0.001968274824,0.02419820242,-0.1911623031,-0.02512961812,1
0.001968274824,0.02605069801,-0.1893459558,-0.02614591457,1
0.001968274824,0.02790319175,-0.1853908151,-0.02331893519,1
0.001968274824,0.02975568548,-0.1839813888,-0.02081873454,1
0.001968274824,0.03160817921,-0.1849344224,-0.02074816078,1
0.001968274824,0.03346067294,-0.1822512001,-0.02287557162,1
0.001968274824,0.03531316668,-0.1800373942,-0.0258452259,1
0.001968274824,0.03716566041,-0.1800729632,-0.0247988496,1
0.001968274824,0.03901815414,-0.1769989282,-0.02057921141,1
0.001968274824,0.04087064788,-0.1708406061,-0.01614552923,1
0.001968274824,0.04272314161,-0.1670846492,-0.01149276644,1
0.001968274824,0.04457563907,-0.1578389704,-0.008591302671,1
0.001968274824,0.0464281328,-0.1295793802,-0.009737779386,1
0.001968274824,0.04828062654,-0.07131680846,-0.00576601224,1
0.001968274824,0.05013312027,-0.03307175264,-0.003107489087,1
0.001968274824,0.051985614,NaN,NaN,0
0.001968274824,0.05383810773,NaN,NaN,0
0.003820769023,0.001968274824,NaN,NaN,0
0.003820769023,0.003820769023,-0.1839924306,-0.002579180757,1
0.003820769023,0.005673262756,-0.1867758781,-0.003353265114,1
0.003820769023,0.007525756955,-0.1875160933,-0.003865452018,1
0.003820769023,0.009378250688,-0.1881053001,-0.001535272342,1
0.003820769023,0.01123074535,-0.1863554269,0.0001032769869,1
0.003820769023,0.01308323909,-0.1837810427,-0.001815025695,1
0.003820769023,0.01493573282,-0.1853023469,-0.004753126297,1
0.003820769023,0.01678822748,-0.1838093102,-0.007895242423,1
0.003820769023,0.01864072122,-0.1809657216,-0.01187201496,1
0.003820769023,0.02049321495,-0.1840692461,-0.01720598899,1
0.003820769023,0.02234570868,-0.1870805621,-0.02268025279,1
0.003820769023,0.02419820242,-0.1887630671,-0.02629051171,1
0.003820769023,0.02605069801,-0.1897652149,-0.03051599301,1
0.003820769023,0.02790319175,-0.1886878759,-0.02891710587,1
0.003820769023,0.02975568548,-0.1880237609,-0.02363414876,1
0.003820769023,0.03160817921,-0.1872608811,-0.02007691935,1
0.003820769023,0.03346067294,-0.1817273796,-0.02048555948,1
0.003820769023,0.03531316668,-0.1757750213,-0.02311383933,1
0.003820769023,0.03716566041,-0.1765761077,-0.02307441458,1
0.003820769023,0.03901815414,-0.1777041256,-0.01982559636,1
0.003820769023,0.04087064788,-0.1753463298,-0.01653951965,1
0.003820769023,0.04272314161,-0.1735721678,-0.01402915362,1
0.003820769023,0.04457563907,-0.1610766798,-0.01249863207,1
0.003820769023,0.0464281328,-0.1223006621,-0.01237586513,1
0.003820769023,0.04828062654,-0.0514427498,-0.006601653993,1
0.003820769023,0.05013312027,-0.006658479571,-0.00299076084,1
0.003820769023,0.051985614,NaN,NaN,0
0.003820769023,0.05383810773,NaN,NaN,0
0.005673262756,0.001968274824,NaN,NaN,0
0.005673262756,0.003820769023,-0.184976384,-0.002088720677,1
0.005673262756,0.005673262756,-0.1876119673,-0.001692144549,1
0.005673262756,0.007525756955,-0.1870159209,-0.002422993537,1
0.005673262756,0.009378250688,-0.1856231838,-0.001568910549,1
0.005673262756,0.01123074535,-0.1825838238,-0.0008808667772,1
0.005673262756,0.01308323909,-0.1814239323,-0.001429163152,1
0.005673262756,0.01493573282,-0.1869285107,-0.002318979474,1
0.005673262756,0.01678822748,-0.1865612566,-0.005631529726,1
0.005673262756,0.01864072122,-0.1821284741,-0.01074834168,1
0.005673262756,0.02049321495,-0.1825124025,-0.01620175689,1
0.005673262756,0.02234570868,-0.1863269061,-0.02015865967,1
0.005673262756,0.02419820242,-0.1917006671,-0.02261896618,1
0.005673262756,0.02605069801,-0.1946426034,-0.02671156079,1
0.005673262756,0.02790319175,-0.1946381927,-0.02779765241,1
0.005673262756,0.02975568548,-0.1927431375,-0.02378191799,1
0.005673262756,0.03160817921,-0.1883186698,-0.02012258582,1
0.005673262756,0.03346067294,-0.1798106134,-0.02035510726,1
0.005673262756,0.03531316668,-0.1727684885,-0.02106658556,1
0.005673262756,0.03716566041,-0.1732029021,-0.01948871277,1
0.005673262756,0.03901815414,-0.1774176508,-0.01603710651,1
0.005673262756,0.04087064788,-0.1806544065,-0.01378949918,1
0.005673262756,0.04272314161,-0.1800116599,-0.0139216138,1
0.005673262756,0.04457563907,-0.165789336,-0.01402296033,1
0.005673262756,0.0464281328,-0.1197295561,-0.01240348443,1
0.005673262756,0.04828062654,-0.03400699422,-0.006001626607,1
0.005673262756,0.05013312027,0.004756167531,-0.002850514837,1
0.005673262756,0.051985614,NaN,NaN,0
0.005673262756,0.05383810773,NaN,NaN,0
0.007525756955,0.001968274824,NaN,NaN,0
0.007525756955,0.003820769023,-0.1886024773,-0.003281631274,1
0.007525756955,0.005673262756,-0.1903061867,-0.002422294347,1
0.007525756955,0.007525756955,-0.1889395416,-0.001435001031,1
0.007525756955,0.009378250688,-0.1869241297,-0.0003050544183,1
0.007525756955,0.01123074535,-0.1847882718,-0.0005861509126,1
0.007525756955,0.01308323909,-0.1844494194,0.0002237723529,1
0.007525756955,0.01493573282,-0.1883894205,0.001026061364,1
0.007525756955,0.01678822748,-0.1873078942,-0.00207587122,1
0.007525756955,0.01864072122,-0.182834655,-0.007738332264,1
0.007525756955,0.02049321495,-0.1820971966,-0.01413950231,1
0.007525756955,0.02234570868,-0.1869931221,-0.01901554503,1
0.007525756955,0.02419820242,-0.1934071779,-0.02110118233,1
0.007525756955,0.02605069801,-0.1968820095,-0.02197828703,1
0.007525756955,0.02790319175,-0.1968052685,-0.02257788368,1
0.007525756955,0.02975568548,-0.1937801838,-0.01980032027,1
0.007525756955,0.03160817921,-0.1880729645,-0.01872581616,1
0.007525756955,0.03346067294,-0.1794236302,-0.02073187567,1
0.007525756955,0.03531316668,-0.1729135811,-0.02012681402,1
0.007525756955,0.03716566041,-0.1712483615,-0.0168066062,1
0.007525756955,0.03901815414,-0.1741058975,-0.01242147572,1
0.007525756955,0.04087064788,-0.1802439392,-0.01053901669,1
0.007525756955,0.04272314161,-0.1816935539,-0.01192482095,1
0.007525756955,0.04457563907,-0.1690889299,-0.01298578922,1
0.007525756955,0.0464281328,-0.1258171052,-0.01081984397,1
0.007525756955,0.04828062654,-0.05098921806,-0.005657558329,1
0.007525756955,0.05013312027,-0.002618411789,-0.003182531102,1
0.007525756955,0.051985614,NaN,NaN,0
0.007525756955,0.05383810773,NaN,NaN,0
0.009378250688,0.001968274824,NaN,NaN,0
0.009378250688,0.003820769023,-0.1942798495,-0.006331746932,1
0.009378250688,0.005673262756,-0.1936948299,-0.006372885779,1
0.009378250688,0.007525756955,-0.1918603778,-0.004039950669,1
0.009378250688,0.009378250688,-0.1909712106,-0.0008978645201,1
0.009378250688,0.01123074535,-0.1910771579,0.0002658545855,1
0.009378250688,0.01308323909,-0.1910535544,0.002508937847,1
0.009378250688,0.01493573282,-0.1901919246,0.004081781488,1
0.009378250688,0.01678822748,-0.1865320057,0.0006463297759,1
0.009378250688,0.01864072122,-0.1828039885,-0.005453329068,1
0.009378250688,0.02049321495,-0.1824763566,-0.01114409883,1
0.009378250688,0.02234570868,-0.1883240938,-0.01488389354,1
0.009378250688,0.02419820242,-0.194499895,-0.01629175805,1
0.009378250688,0.02605069801,-0.1971281618,-0.01526214089,1
0.009378250688,0.02790319175,-0.1965891719,-0.0153447045,1
0.009378250688,0.02975568548,-0.1904682964,-0.01539380196,1
0.009378250688,0.03160817921,-0.1851661056,-0.01704616286,1
0.009378250688,0.03346067294,-0.1801791489,-0.01988500915,1
0.009378250688,0.03531316668,-0.1746028811,-0.01909004152,1
0.009378250688,0.03716566041,-0.1701173186,-0.01504872553,1
0.009378250688,0.03901815414,-0.1701230109,-0.01015393529,1
0.009378250688,0.04087064788,-0.1758523881,-0.008259823546,1
0.009378250688,0.04272314161,-0.180997327,-0.009971044958,1
0.009378250688,0.04457563907,-0.1731161922,-0.01124888472,1
0.009378250688,0.0464281328,-0.1321357787,-0.009150058031,1
0.009378250688,0.04828062654,-0.04666863754,-0.00395349646,1
0.009378250688,0.05013312027,-0.004025272559,-0.00182282005,1
0.009378250688,0.051985614,NaN,NaN,0
0.009378250688,0.05383810773,NaN,NaN,0
0.01123074535,0.001968274824,NaN,NaN,0
0.01123074535,0.003820769023,-0.1987836063,-0.007047642022,1
0.01123074535,0.005673262756,-0.1979937404,-0.00698300451,1
0.01123074535,0.007525756955,-0.1958918571,-0.005121441092,1
0.01123074535,0.009378250688,-0.1943859309,-0.001832053065,1
0.01123074535,0.01123074535,-0.1949580312,0.0005118403351,1
0.01123074535,0.01308323909,-0.194764629,0.002758394461,1
0.01123074535,0.01493573282,-0.1908947825,0.003377092537,1
0.01123074535,0.01678822748,-0.1834513992,-0.001070329221,1
0.01123074535,0.01864072122,-0.1796839088,-0.006691976916,1
0.01123074535,0.02049321495,-0.1835061014,-0.009758776054,1
0.01123074535,0.02234570868,-0.1917812824,-0.009378070012,1
0.01123074535,0.02419820242,-0.1979658008,-0.009471121244,1
0.01123074535,0.02605069801,-0.1998184025,-0.01092620846,1
0.01123074535,0.02790319175,-0.1960359663,-0.01450379193,1
0.01123074535,0.02975568548,-0.1858318746,-0.01694094948,1
0.01123074535,0.03160817921,-0.1810423434,-0.01733658463,1
0.01123074535,0.03346067294,-0.1788110435,-0.01792827994,1
0.01123074535,0.03531316668,-0.1736857891,-0.01774440147,1
0.01123074535,0.03716566041,-0.1686349511,-0.01524177659,1
0.01123074535,0.03901815414,-0.1675134897,-0.01070532948,1
0.01123074535,0.04087064788,-0.1721303314,-0.008061794564,1
0.01123074535,0.04272314161,-0.1791064292,-0.008298343047,1
0.01123074535,0.04457563907,-0.176912576,-0.008489107713,1
0.01123074535,0.0464281328,-0.150219366,-0.00708949659,1
0.01123074535,0.04828062654,-0.08655919135,-0.003280590056,1
0.01123074535,0.05013312027,-0.02388860285,-0.001521887956,1
0.01123074535,0.051985614,NaN,NaN,0
0.01123074535,0.05383810773,NaN,NaN,0
0.01308323909,0.001968274824,NaN,NaN,0
0.01308323909,0.003820769023,-0.1992307901,-0.005950822029,1
0.01308323909,0.005673262756,-0.1998155117,-0.004942820873,1
0.01308323909,0.007525756955,-0.1977790594,-0.004201039206,1
0.01308323909,0.009378250688,-0.1954509914,-0.00233416399,1
0.01308323909,0.01123074535,-0.1957881153,-1.174943009e-05,1
0.01308323909,0.01308323909,-0.19512932,0.00129740953,1
0.01308323909,0.01493573282,-0.1891303211,0.0009559115279,1
0.01308323909,0.01678822748,-0.1781914532,-0.004471453372,1
0.01308323909,0.01864072122,-0.1751240045,-0.009596513584,1
0.01308323909,0.02049321495,-0.185828343,-0.01010165643,1
0.01308323909,0.02234570868,-0.198660925,-0.007104997057,1
0.01308323909,0.02419820242,-0.2026750892,-0.007980377413,1
0.01308323909,0.02605069801,-0.2002598494,-0.0125150159,1
0.01308323909,0.02790319175,-0.1928273588,-0.01814912073,1
0.01308323909,0.02975568548,-0.1823405772,-0.01897901669,1
0.01308323909,0.03160817921,-0.179485023,-0.01637842879,1
0.01308323909,0.03346067294,-0.1788682938,-0.01441087667,1
0.01308323909,0.03531316668,-0.1739025563,-0.01541437488,1
0.01308323909,0.03716566041,-0.1686918139,-0.01562468614,1
0.01308323909,0.03901815414,-0.167814374,-0.01258249208,1
0.01308323909,0.04087064788,-0.1715420634,-0.009158646688,1
0.01308323909,0.04272314161,-0.1770381033,-0.007213130128,1
0.01308323909,0.04457563907,-0.1756596863,-0.006169737317,1
0.01308323909,0.0464281328,-0.1532372385,-0.005419279449,1
0.01308323909,0.04828062654,-0.09284369648,-0.003646935103,1
0.01308323909,0.05013312027,-0.02221380174,-0.002157205716,1
0.01308323909,0.051985614,NaN,NaN,0
0.01308323909,0.05383810773,NaN,NaN,0
0.01493573282,0.001968274824,NaN,NaN,0
0.01493573282,0.003820769023,-0.1980634481,-0.005723964889,1
0.01493573282,0.005673262756,-0.1993501186,-0.004026442301,1
0.01493573282,0.007525756955,-0.1970067173,-0.004301251378,1
0.01493573282,0.009378250688,-0.1945435852,-0.00320219039,1
0.01493573282,0.01123074535,-0.1947785169,-0.0004375229764,1
0.01493573282,0.01308323909,-0.1947167367,0.0006873392849,1
0.01493573282,0.01493573282,-0.186311692,-0.001033737208,1
0.01493573282,0.01678822748,-0.1724297404,-0.007505825255,1
0.01493573282,0.01864072122,-0.17133376,-0.0123302862,1
0.01493573282,0.02049321495,-0.1859000921,-0.0121144522,1
0.01493573282,0.02234570868,-0.1994608641,-0.01059859246,1
0.01493573282,0.02419820242,-0.2010533065,-0.01339181792,1
0.01493573282,0.02605069801,-0.1944188774,-0.01844143309,1
0.01493573282,0.02790319175,-0.185291037,-0.0204815492,1
0.01493573282,0.02975568548,-0.1789589971,-0.01870260946,1
0.01493573282,0.03160817921,-0.1793355644,-0.01663732342,1
0.01493573282,0.03346067294,-0.1804673821,-0.01507922448,1
0.01493573282,0.03531316668,-0.1764354706,-0.0163573958,1
0.01493573282,0.03716566041,-0.1701893061,-0.0177816581,1
0.01493573282,0.03901815414,-0.1696466357,-0.01569564082,1
0.01493573282,0.04087064788,-0.17366907,-0.01161230076,1
0.01493573282,0.04272314161,-0.1775149554,-0.007683274802,1
0.01493573282,0.04457563907,-0.1734987199,-0.005399552174,1
0.01493573282,0.0464281328,-0.1437683851,-0.004658053163,1
0.01493573282,0.04828062654,-0.05785058066,-0.003372841049,1
0.01493573282,0.05013312027,-0.007669773418,-0.002199797658,1
0.01493573282,0.051985614,NaN,NaN,0
0.01493573282,0.05383810773,NaN,NaN,0
0.01678822748,0.001968274824,NaN,NaN,0
0.01678822748,0.003820769023,-0.1978177428,-0.00708720088,1
0.01678822748,0.005673262756,-0.1989962161,-0.005195286125,1
0.01678822748,0.007525756955,-0.196620062,-0.004514933564,1
0.01678822748,0.009378250688,-0.1938413531,-0.002852937672,1
0.01678822748,0.01123074535,-0.1924889684,-0.0001660329581,1
0.01678822748,0.01308323909,-0.1915825456,-0.0002142553712,1
0.01678822748,0.01493573282,-0.1840168089,-0.003915649839,1
0.01678822748,0.01678822748,-0.1713745594,-0.01093032211,1
0.01678822748,0.01864072122,-0.171297133,-0.01559470501,1
0.01678822748,0.02049321495,-0.18190144,-0.0166006349,1
0.01678822748,0.02234570868,-0.1910443008,-0.01746043377,1
0.01678822748,0.02419820242,-0.1904889643,-0.02155974135,1
0.01678822748,0.02605069801,-0.1843473762,-0.02437125146,1
0.01678822748,0.02790319175,-0.1787760705,-0.02300904319,1
0.01678822748,0.02975568548,-0.1771390736,-0.02147459611,1
0.01678822748,0.03160817921,-0.180090338,-0.02088161558,1
0.01678822748,0.03346067294,-0.1828429252,-0.02099718712,1
0.01678822748,0.03531316668,-0.1806995869,-0.02313729748,1
0.01678822748,0.03716566041,-0.1764339954,-0.02350347675,1
0.01678822748,0.03901815414,-0.1770107299,-0.02073288709,1
0.01678822748,0.04087064788,-0.1808608919,-0.01695022918,1
0.01678822748,0.04272314161,-0.181936726,-0.01238910854,1
0.01678822748,0.04457563907,-0.1753748655,-0.008270427585,1
0.01678822748,0.0464281328,-0.1492927223,-0.005937507842,1
0.01678822748,0.04828062654,-0.08449417353,-0.003413669998,1
0.01678822748,0.05013312027,-0.01040978078,-0.001527030603,1
0.01678822748,0.051985614,NaN,NaN,0
0.01678822748,0.05383810773,NaN,NaN,0
0.01864072122,0.001968274824,NaN,NaN,0
0.01864072122,0.003820769023,-0.1980885118,-0.008234741166,1
0.01864072122,0.005673262756,-0.1988054961,-0.006520711817,1
0.01864072122,0.007525756955,-0.1973853409,-0.004073589109,1
0.01864072122,0.009378250688,-0.1942273676,-0.001340106595,1
0.01864072122,0.01123074535,-0.1906767637,0.0004642656422,1
0.01864072122,0.01308323909,-0.1877945215,-0.0009999845643,1
0.01864072122,0.01493573282,-0.1825148761,-0.007131758612,1
0.01864072122,0.01678822748,-0.1750500798,-0.01593315601,1
0.01864072122,0.01864072122,-0.1747240722,-0.02057693712,1
0.01864072122,0.02049321495,-0.1782056093,-0.02125722542,1
0.01864072122,0.02234570868,-0.1804065257,-0.02175921015,1
0.01864072122,0.02419820242,-0.1800424159,-0.02468281239,1
0.01864072122,0.02605069801,-0.1775056124,-0.02690665796,1
0.01864072122,0.02790319175,-0.1758819073,-0.02680290118,1
0.01864072122,0.02975568548,-0.1779497415,-0.02658267133,1
0.01864072122,0.03160817921,-0.1828117818,-0.02605421841,1
0.01864072122,0.03346067294,-0.1856028587,-0.02618838474,1
0.01864072122,0.03531316668,-0.1856276095,-0.02744000219,1
0.01864072122,0.03716566041,-0.1854976267,-0.02702453919,1
0.01864072122,0.03901815414,-0.1866531223,-0.02464011498,1
0.01864072122,0.04087064788,-0.186864987,-0.02195882238,1
0.01864072122,0.04272314161,-0.1870192736,-0.0173752252,1
0.01864072122,0.04457563907,-0.1804421246,-0.01233209483,1
0.01864072122,0.0464281328,-0.1535744816,-0.008433754556,1
0.01864072122,0.04828062654,-0.08554817736,-0.004790277686,1
0.01864072122,0.05013312027,-0.01005341765,-0.001763074775,1
0.01864072122,0.051985614,NaN,NaN,0
0.01864072122,0.05383810773,NaN,NaN,0
0.02049321495,0.001968274824,NaN,NaN,0
0.02049321495,0.003820769023,-0.1981375962,-0.007999540307,1
0.02049321495,0.005673262756,-0.1978572458,-0.007390623912,1
0.02049321495,0.007525756955,-0.1975486577,-0.004280897789,1
0.02049321495,0.009378250688,-0.1952777207,-0.0002692471317,1
0.02049321495,0.01123074535,-0.1912469715,0.001445078524,1
0.02049321495,0.01308323909,-0.1862481982,-0.001417173189,1
0.02049321495,0.01493573282,-0.1809262186,-0.01134564448,1
0.02049321495,0.01678822748,-0.1775627583,-0.02399740927,1
0.02049321495,0.01864072122,-0.1775734276,-0.02673923597,1
0.02049321495,0.02049321495,-0.1771232784,-0.02444336563,1
0.02049321495,0.02234570868,-0.174934864,-0.02320962958,1
0.02049321495,0.02419820242,-0.1734343916,-0.02563694492,1
0.02049321495,0.02605069801,-0.1728484929,-0.0295467712,1
0.02049321495,0.02790319175,-0.1749592423,-0.03217209503,1
0.02049321495,0.02975568548,-0.1805867553,-0.0321892947,1
0.02049321495,0.03160817921,-0.1875524223,-0.02933502011,1
0.02049321495,0.03346067294,-0.1907505244,-0.02632391825,1
0.02049321495,0.03531316668,-0.1901066899,-0.0260553062,1
0.02049321495,0.03716566041,-0.1886798292,-0.02668200247,1
0.02049321495,0.03901815414,-0.1855181903,-0.02654168755,1
0.02049321495,0.04087064788,-0.1835956126,-0.02362381108,1
0.02049321495,0.04272314161,-0.1861515194,-0.01786058955,1
0.02049321495,0.04457563907,-0.1836219132,-0.0133570563,1
0.02049321495,0.0464281328,-0.1577692628,-0.009234464727,1
0.02049321495,0.04828062654,-0.07585173845,-0.004929123912,1
0.02049321495,0.05013312027,-0.007042014506,-0.001236781594,1
0.02049321495,0.051985614,NaN,NaN,0
0.02049321495,0.05383810773,NaN,NaN,0
0.02234570868,0.001968274824,NaN,NaN,0
0.02234570868,0.003820769023,-0.1980451643,-0.0068324483,1
0.02234570868,0.005673262756,-0.197222814,-0.006695624441,1
0.02234570868,0.007525756955,-0.1976229995,-0.003683643416,1
0.02234570868,0.009378250688,-0.1963694394,0.0008986779139,1
0.02234570868,0.01123074535,-0.1921079904,0.003085951786,1
0.02234570868,0.01308323909,-0.1863141358,0.000733581197,1
0.02234570868,0.01493573282,-0.1810365915,-0.009014782496,1
0.02234570868,0.01678822748,-0.1784861684,-0.02064090781,1
0.02234570868,0.01864072122,-0.1786040962,-0.02426514775,1
0.02234570868,0.02049321495,-0.1785994619,-0.02362368256,1
0.02234570868,0.02234570868,-0.1761789769,-0.02340975031,1
0.02234570868,0.02419820242,-0.1736926436,-0.02607065625,1
0.02234570868,0.02605069801,-0.174197942,-0.03044903837,1
0.02234570868,0.02790319175,-0.1790932417,-0.03220754117,1
0.02234570868,0.02975568548,-0.1866530776,-0.03073165752,1
0.02234570868,0.03160817921,-0.1938983351,-0.02665847726,1
0.02234570868,0.03346067294,-0.1958773732,-0.02204149961,1
0.02234570868,0.03531316668,-0.1921472251,-0.02105457149,1
0.02234570868,0.03716566041,-0.1872497499,-0.02373809554,1
0.02234570868,0.03901815414,-0.1810952425,-0.02490191907,1
0.02234570868,0.04087064788,-0.1779789031,-0.02211737633,1
0.02234570868,0.04272314161,-0.1803033054,-0.01734704524,1
0.02234570868,0.04457563907,-0.1794155389,-0.01303774584,1
0.02234570868,0.0464281328,-0.155390799,-0.008531048894,1
0.02234570868,0.04828062654,-0.07021158189,-0.005267372821,1
0.02234570868,0.05013312027,-0.007266042754,-0.001733572455,1
0.02234570868,0.051985614,NaN,NaN,0
0.02234570868,0.05383810773,NaN,NaN,0
0.02419820242,0.001968274824,NaN,NaN,0
0.02419820242,0.003820769023,-0.1997719854,-0.003421405796,1
0.02419820242,0.005673262756,-0.199302122,-0.002443107544,1
0.02419820242,0.007525756955,-0.1980165243,1.508130754e-05,1
0.02419820242,0.009378250688,-0.1952275187,0.003475088859,1
0.02419820242,0.01123074535,-0.191011712,0.00608150661,1
0.02419820242,0.01308323909,-0.1865333617,0.005951473955,1
0.02419820242,0.01493573282,-0.1818240285,0.0002682111808,1
0.02419820242,0.01678822748,-0.1776102185,-0.007911715657,1
0.02419820242,0.01864072122,-0.1765991449,-0.01480047498,1
0.02419820242,0.02049321495,-0.1795289069,-0.01972090453,1
0.02419820242,0.02234570868,-0.1813967526,-0.02239267714,1
0.02419820242,0.02419820242,-0.1807495207,-0.02454369143,1
0.02419820242,0.02605069801,-0.1818038523,-0.02701766416,1
0.02419820242,0.02790319175,-0.1871205121,-0.0257074777,1
0.02419820242,0.02975568548,-0.1948807389,-0.02117754519,1
0.02419820242,0.03160817921,-0.1994813532,-0.016910078,1
0.02419820242,0.03346067294,-0.1970553398,-0.01428897213,1
0.02419820242,0.03531316668,-0.1900239438,-0.01523898914,1
0.02419820242,0.03716566041,-0.1848765165,-0.0188392587,1
0.02419820242,0.03901815414,-0.1810085177,-0.0204127878,1
0.02419820242,0.04087064788,-0.1774146557,-0.01926693134,1
0.02419820242,0.04272314161,-0.1774377376,-0.01641878113,1
0.02419820242,0.04457563907,-0.1752306521,-0.01260438282,1
0.02419820242,0.0464281328,-0.1504896581,-0.007407444995,1
0.02419820242,0.04828062654,-0.06574942917,-0.003481666092,1
0.02419820242,0.05013312027,-0.006731634028,-0.0009693977772,1
0.02419820242,0.051985614,NaN,NaN,0
0.02419820242,0.05383810773,NaN,NaN,0
0.02605069801,0.001968274824,NaN,NaN,0
0.02605069801,0.003820769023,-0.2029396892,0.001237715711,1
0.02605069801,0.005673262756,-0.2017753869,0.002165059326,1
0.02605069801,0.007525756955,-0.1989052594,0.003042521887,1
0.02605069801,0.009378250688,-0.1954773515,0.005092653446,1
0.02605069801,0.01123074535,-0.1910909414,0.007943836972,1
0.02605069801,0.01308323909,-0.1852977276,0.009605160914,1
0.02605069801,0.01493573282,-0.1792488247,0.006205642596,1
0.02605069801,0.01678822748,-0.1736135185,0.0007495142636,1
0.02605069801,0.01864072122,-0.1710746884,-0.005949476734,1
0.02605069801,0.02049321495,-0.1751236171,-0.01440372039,1
0.02605069801,0.02234570868,-0.1813114733,-0.02097206935,1
0.02605069801,0.02419820242,-0.1850557327,-0.02482122183,1
0.02605069801,0.02605069801,-0.1889630705,-0.02416217327,1
0.02605069801,0.02790319175,-0.1952061057,-0.0184849035,1
0.02605069801,0.02975568548,-0.2022193968,-0.0117573496,1
0.02605069801,0.03160817921,-0.2035265267,-0.007877923548,1
0.02605069801,0.03346067294,-0.196530357,-0.007289854344,1
0.02605069801,0.03531316668,-0.1860924065,-0.009718906134,1
0.02605069801,0.03716566041,-0.1801858246,-0.01313706581,1
0.02605069801,0.03901815414,-0.1796940863,-0.01561962254,1
0.02605069801,0.04087064788,-0.1786860675,-0.0163497068,1
0.02605069801,0.04272314161,-0.1774962544,-0.01457606535,1
0.02605069801,0.04457563907,-0.1753452867,-0.01202949788,1
0.02605069801,0.0464281328,-0.1584040523,-0.007626608945,1
0.02605069801,0.04828062654,-0.1055327803,-0.003282694146,1
0.02605069801,0.05013312027,-0.02880940214,-0.0007860795013,1
0.02605069801,0.051985614,NaN,NaN,0
0.02605069801,0.05383810773,NaN,NaN,0
0.02790319175,0.001968274824,NaN,NaN,0
0.02790319175,0.003820769023,-0.2038654387,0.001474781777,1
0.02790319175,0.005673262756,-0.2017453164,0.002472267486,1
0.02790319175,0.007525756955,-0.1983219832,0.002650866052,1
0.02790319175,0.009378250688,-0.194188416,0.003512448864,1
0.02790319175,0.01123074535,-0.1890909225,0.005692256149,1
0.02790319175,0.01308323909,-0.1819474697,0.007814060897,1
0.02790319175,0.01493573282,-0.1748679429,0.006244879682,1
0.02790319175,0.01678822748,-0.1690447479,0.002730771434,1
0.02790319175,0.01864072122,-0.1644459814,-0.001251799054,1
0.02790319175,0.02049321495,-0.1652711332,-0.009031330235,1
0.02790319175,0.02234570868,-0.1715422124,-0.01843800768,1
0.02790319175,0.02419820242,-0.1798163354,-0.02172882669,1
0.02790319175,0.02605069801,-0.1913474798,-0.0183380805,1
0.02790319175,0.02790319175,-0.2016784996,-0.01238175761,1
0.02790319175,0.02975568548,-0.2054338753,-0.006856684573,1
0.02790319175,0.03160817921,-0.2031079531,-0.005254182965,1
0.02790319175,0.03346067294,-0.1934957504,-0.006612197496,1
0.02790319175,0.03531316668,-0.1812084317,-0.008153119124,1
0.02790319175,0.03716566041,-0.1736964583,-0.008214215748,1
0.02790319175,0.03901815414,-0.1730622202,-0.009526870213,1
0.02790319175,0.04087064788,-0.1754685044,-0.01125847176,1
0.02790319175,0.04272314161,-0.176944077,-0.01096894778,1
0.02790319175,0.04457563907,-0.176556915,-0.01070433948,1
0.02790319175,0.0464281328,-0.1666306704,-0.008164128289,1
0.02790319175,0.04828062654,-0.1379349232,-0.003820347134,1
0.02790319175,0.05013312027,-0.08190437406,-0.001860330696,2
0.02790319175,0.051985614,NaN,NaN,0
0.02790319175,0.05383810773,NaN,NaN,0
0.02975568548,0.001968274824,NaN,NaN,0
0.02975568548,0.003820769023,-0.2043824196,-0.002164755715,1
0.02975568548,0.005673262756,-0.2009543777,-0.002141391393,1
0.02975568548,0.007525756955,-0.1962748021,-0.001734471181,1
0.02975568548,0.009378250688,-0.1906041801,-0.0008633295656,1
0.02975568548,0.01123074535,-0.1843120605,0.0004405830696,1
0.02975568548,0.01308323909,-0.1781558394,0.001861664467,1
0.02975568548,0.01493573282,-0.1713543683,0.00095561333,1
0.02975568548,0.01678822748,-0.1644757539,-0.002758586779,1
0.02975568548,0.01864072122,-0.160557285,-0.003786264453,1
0.02975568548,0.02049321495,-0.1628189534,-0.003016676055,1
0.02975568548,0.02234570868,-0.1696784198,-0.005843800493,1
0.02975568548,0.02419820242,-0.1787212789,-0.006082117092,1
0.02975568548,0.02605069801,-0.1926452965,-0.002443714766,1
0.02975568548,0.02790319175,-0.2039951682,-0.001755809062,1
0.02975568548,0.02975568548,-0.2054612637,-0.002489735838,1
0.02975568548,0.03160817921,-0.2001572549,-0.005324461497,1
0.02975568548,0.03346067294,-0.1898899674,-0.009567791596,1
0.02975568548,0.03531316668,-0.1785880327,-0.01069881674,1
0.02975568548,0.03716566041,-0.1704847217,-0.009269903414,1
0.02975568548,0.03901815414,-0.1687231511,-0.009132962674,1
0.02975568548,0.04087064788,-0.1722153723,-0.008890657686,1
0.02975568548,0.04272314161,-0.1757430732,-0.008036211133,1
0.02975568548,0.04457563907,-0.1765389889,-0.009315225296,1
0.02975568548,0.0464281328,-0.1692821383,-0.008376477286,1
0.02975568548,0.04828062654,-0.1501835585,-0.004227352794,1
0.02975568548,0.05013312027,-0.1130787432,-0.002631242853,2
0.02975568548,0.051985614,NaN,NaN,0
0.02975568548,0.05383810773,NaN,NaN,0
0.03160817921,0.001968274824,NaN,NaN,0
0.03160817921,0.003820769023,-0.2050715685,-0.006606971379,1
0.03160817921,0.005673262756,-0.2013804615,-0.00796155259,1
0.03160817921,0.007525756955,-0.1946110725,-0.007800381631,1
0.03160817921,0.009378250688,-0.1860013753,-0.006583807059,1
0.03160817921,0.01123074535,-0.1778999865,-0.005136903375,1
0.03160817921,0.01308323909,-0.1732749343,-0.004141993355,1
0.03160817921,0.01493573282,-0.1682057232,-0.00548863085,1
0.03160817921,0.01678822748,-0.1587242335,-0.008685437031,1
0.03160817921,0.01864072122,-0.1579253972,-0.005443382077,1
0.03160817921,0.02049321495,-0.1664530337,0.004904033616,1
0.03160817921,0.02234570868,-0.1755931079,0.01140208542,1
0.03160817921,0.02419820242,-0.1836809218,0.01226352435,1
0.03160817921,0.02605069801,-0.1942810565,0.009696591645,1
0.03160817921,0.02790319175,-0.2026282102,0.003865694627,1
0.03160817921,0.02975568548,-0.2031172514,-0.0006865682662,1
0.03160817921,0.03160817921,-0.1972409785,-0.005508346017,1
0.03160817921,0.03346067294,-0.1875783056,-0.01108059008,1
0.03160817921,0.03531316668,-0.1779657304,-0.01350162923,1
0.03160817921,0.03716566041,-0.17114833,-0.01410203986,1
0.03160817921,0.03901815414,-0.168761462,-0.01332578529,1
0.03160817921,0.04087064788,-0.1712107658,-0.01015805174,1
0.03160817921,0.04272314161,-0.1748530567,-0.007807286922,1
0.03160817921,0.04457563907,-0.1753684133,-0.008845733479,1
0.03160817921,0.0464281328,-0.1683342904,-0.008075583726,1
0.03160817921,0.04828062654,-0.1495820135,-0.004035234917,1
0.03160817921,0.05013312027,-0.124227941,-0.002878785832,2
0.03160817921,0.051985614,NaN,NaN,0
0.03160817921,0.05383810773,NaN,NaN,0
0.03346067294,0.001968274824,NaN,NaN,0
0.03346067294,0.003820769023,-0.2065514475,-0.00813437812,1
0.03346067294,0.005673262756,-0.2040572315,-0.01064108498,1
0.03346067294,0.007525756955,-0.1947802752,-0.01178704668,1
0.03346067294,0.009378250688,-0.1834220141,-0.01085567009,1
0.03346067294,0.01123074535,-0.1752966046,-0.008257143199,1
0.03346067294,0.01308323909,-0.1704553515,-0.00661376724,1
0.03346067294,0.01493573282,-0.1646732837,-0.007673641201,1
0.03346067294,0.01678822748,-0.1552710682,-0.009967607446,1
0.03346067294,0.01864072122,-0.1583180428,-0.00499064289,1
0.03346067294,0.02049321495,-0.1727054268,0.00903644599,1
0.03346067294,0.02234570868,-0.1822933853,0.01727939583,1
0.03346067294,0.02419820242,-0.1869349629,0.01439385954,1
0.03346067294,0.02605069801,-0.1925928444,0.007016261108,1
0.03346067294,0.02790319175,-0.1973201931,0.001129855751,1
0.03346067294,0.02975568548,-0.196866706,-0.00298337522,1
0.03346067294,0.03160817921,-0.191569671,-0.008645204827,1
0.03346067294,0.03346067294,-0.1837716252,-0.01545083243,1
0.03346067294,0.03531316668,-0.17741552,-0.01770656183,1
0.03346067294,0.03716566041,-0.1741856188,-0.01734128222,1
0.03346067294,0.03901815414,-0.1724667698,-0.01532575116,1
0.03346067294,0.04087064788,-0.1737275273,-0.01116781496,1
0.03346067294,0.04272314161,-0.1762034744,-0.008358177729,1
0.03346067294,0.04457563907,-0.175338611,-0.009782675654,1
0.03346067294,0.0464281328,-0.1688769162,-0.009394864552,1
0.03346067294,0.04828062654,-0.1506361514,-0.004916793667,1
0.03346067294,0.05013312027,-0.1279441118,-0.003375488566,2
0.03346067294,0.051985614,NaN,NaN,0
0.03346067294,0.05383810773,NaN,NaN,0
0.03531316668,0.001968274824,NaN,NaN,0
0.03531316668,0.003820769023,-0.2073773742,-0.006018138491,1
0.03531316668,0.005673262756,-0.2068690509,-0.0102171516,1
0.03531316668,0.007525756955,-0.1989785433,-0.01256050728,1
0.03531316668,0.009378250688,-0.1865748763,-0.01134988666,1
0.03531316668,0.01123074535,-0.1794286221,-0.007440782152,1
0.03531316668,0.01308323909,-0.1742336452,-0.004209991544,1
0.03531316668,0.01493573282,-0.167098254,-0.00363140041,1
0.03531316668,0.01678822748,-0.1605934799,-0.005231390242,1
0.03531316668,0.01864072122,-0.1659404784,-0.001497641904,1
0.03531316668,0.02049321495,-0.1797277033,0.009162038565,1
0.03531316668,0.02234570868,-0.1864993721,0.01355368644,1
0.03531316668,0.02419820242,-0.1867198199,0.008505913429,1
0.03531316668,0.02605069801,-0.1885005087,0.001474435092,1
0.03531316668,0.02790319175,-0.1905284375,-0.003265424399,1
0.03531316668,0.02975568548,-0.1882325858,-0.007383806165,1
0.03531316668,0.03160817921,-0.1833563149,-0.01480290666,1
0.03531316668,0.03346067294,-0.1802910268,-0.02157134935,1
0.03531316668,0.03531316668,-0.1795076132,-0.02130270377,1
0.03531316668,0.03716566041,-0.1805499941,-0.01593239233,1
0.03531316668,0.03901815414,-0.1800857633,-0.0123620471,1
0.03531316668,0.04087064788,-0.1798273325,-0.009246008471,1
0.03531316668,0.04272314161,-0.179404214,-0.006969741546,1
0.03531316668,0.04457563907,-0.1762609035,-0.009689809754,1
0.03531316668,0.0464281328,-0.1697685272,-0.01058690343,1
0.03531316668,0.04828062654,-0.1514130682,-0.006053369027,2
0.03531316668,0.05013312027,-0.1258756071,-0.00382348476,2
0.03531316668,0.051985614,NaN,NaN,0
0.03531316668,0.05383810773,NaN,NaN,0
0.03716566041,0.001968274824,NaN,NaN,0
0.03716566041,0.003820769023,-0.2063662708,-0.00307354168,1
0.03716566041,0.005673262756,-0.2071945518,-0.00757676363,1
0.03716566041,0.007525756955,-0.2024227977,-0.009992085397,1
0.03716566041,0.009378250688,-0.1909070313,-0.009279521182,1
0.03716566041,0.01123074535,-0.1824240834,-0.006501969881,1
0.03716566041,0.01308323909,-0.1779686362,-0.003501532366,1
0.03716566041,0.01493573282,-0.1736368686,-0.001449694042,1
0.03716566041,0.01678822748,-0.1721980125,4.679038466e-05,1
0.03716566041,0.01864072122,-0.1773114651,0.002292036545,1
0.03716566041,0.02049321495,-0.1833849251,0.005375871435,1
0.03716566041,0.02234570868,-0.1858764142,0.005510225892,1
0.03716566041,0.02419820242,-0.1846356541,0.001675897511,1
0.03716566041,0.02605069801,-0.1838032901,-0.003016945906,1
0.03716566041,0.02790319175,-0.1829001456,-0.006320944522,1
0.03716566041,0.02975568548,-0.1789835095,-0.01104113273,1
0.03716566041,0.03160817921,-0.176708594,-0.01894620247,1
0.03716566041,0.03346067294,-0.1822475046,-0.02066271007,1
0.03716566041,0.03531316668,-0.1871586442,-0.01719559543,1
0.03716566041,0.03716566041,-0.1896689981,-0.01107091736,1
0.03716566041,0.03901815414,-0.1878861487,-0.008641754277,1
0.03716566041,0.04087064788,-0.1833205372,-0.007977688685,1
0.03716566041,0.04272314161,-0.178948015,-0.006609691307,1
0.03716566041,0.04457563907,-0.1743951589,-0.009059973061,1
0.03716566041,0.0464281328,-0.1666240245,-0.0106131956,1
0.03716566041,0.04828062654,-0.1498956978,-0.005813151132,1
0.03716566041,0.05013312027,-0.1151113436,-0.003440315835,2
0.03716566041,0.051985614,NaN,NaN,0
0.03716566041,0.05383810773,NaN,NaN,0
0.03901815414,0.001968274824,NaN,NaN,0
0.03901815414,0.003820769023,-0.2024881393,-0.000734047906,1
0.03901815414,0.005673262756,-0.2030988038,-0.004177768715,1
0.03901815414,0.007525756955,-0.2002622634,-0.006113904063,1
0.03901815414,0.009378250688,-0.191666767,-0.007248400711,1
0.03901815414,0.01123074535,-0.1823612154,-0.007077878341,1
0.03901815414,0.01308323909,-0.1780154556,-0.005756969098,1
0.03901815414,0.01493573282,-0.1764460653,-0.003824518528,1
0.03901815414,0.01678822748,-0.1765585393,-0.002135416726,1
0.03901815414,0.01864072122,-0.179506734,-0.001174550853,1
0.03901815414,0.02049321495,-0.1825015098,-0.001059432281,1
0.03901815414,0.02234570868,-0.1847430915,-0.00299179065,1
0.03901815414,0.02419820242,-0.185028702,-0.005182893481,1
0.03901815414,0.02605069801,-0.1820613146,-0.00628565345,1
0.03901815414,0.02790319175,-0.1780585498,-0.006764741614,1
0.03901815414,0.02975568548,-0.1747345179,-0.009544828907,1
0.03901815414,0.03160817921,-0.1776120961,-0.01358815562,1
0.03901815414,0.03346067294,-0.1892762035,-0.01263693348,1
0.03901815414,0.03531316668,-0.1962928176,-0.00988828484,1
0.03901815414,0.03716566041,-0.1965282112,-0.007524687331,1
0.03901815414,0.03901815414,-0.1904983819,-0.007921803743,1
0.03901815414,0.04087064788,-0.1802780032,-0.009721477516,1
0.03901815414,0.04272314161,-0.1723264009,-0.009308142588,1
0.03901815414,0.04457563907,-0.1668671668,-0.009890927933,1
0.03901815414,0.0464281328,-0.1582994759,-0.01159828622,1
0.03901815414,0.04828062654,-0.1393190324,-0.007602531929,1
0.03901815414,0.05013312027,-0.08707066625,-0.003313658759,2
0.03901815414,0.051985614,NaN,NaN,0
0.03901815414,0.05383810773,NaN,NaN,0
0.04087064788,0.001968274824,NaN,NaN,0
0.04087064788,0.003820769023,-0.1988597065,0.003371116938,1
0.04087064788,0.005673262756,-0.1995154619,0.000397710246,1
0.04087064788,0.007525756955,-0.1978866011,-0.002047934104,1
0.04087064788,0.009378250688,-0.1925412863,-0.003899224335,1
0.04087064788,0.01123074535,-0.1837528199,-0.005348251201,1
0.04087064788,0.01308323909,-0.1773537546,-0.006743685342,1
0.04087064788,0.01493573282,-0.1744692326,-0.00706462888,1
0.04087064788,0.01678822748,-0.1726281047,-0.006729796994,1
0.04087064788,0.01864072122,-0.1732685864,-0.00745974388,1
0.04087064788,0.02049321495,-0.1774427444,-0.008332783356,1
0.04087064788,0.02234570868,-0.1821186543,-0.01129005197,1
0.04087064788,0.02419820242,-0.1842983365,-0.01249091048,1
0.04087064788,0.02605069801,-0.1827007979,-0.00953308586,1
0.04087064788,0.02790319175,-0.1796392798,-0.006116559263,1
0.04087064788,0.02975568548,-0.179191649,-0.004376945086,1
0.04087064788,0.03160817921,-0.1845356077,-0.00498246029,1
0.04087064788,0.03346067294,-0.193557471,-0.006179828197,1
0.04087064788,0.03531316668,-0.1987585872,-0.005763413385,1
0.04087064788,0.03716566041,-0.1981699169,-0.005385451484,1
0.04087064788,0.03901815414,-0.1905579269,-0.007074609399,1
0.04087064788,0.04087064788,-0.1777986288,-0.01038897876,1
0.04087064788,0.04272314161,-0.1671508104,-0.01102024876,1
0.04087064788,0.04457563907,-0.1602734476,-0.009052651003,1
0.04087064788,0.0464281328,-0.1513115168,-0.009822151624,1
0.04087064788,0.04828062654,-0.1221669391,-0.00715837162,1
0.04087064788,0.05013312027,-0.04327139631,-0.001528692083,1
0.04087064788,0.051985614,NaN,NaN,0
0.04087064788,0.05383810773,NaN,NaN,0
0.04272314161,0.001968274824,NaN,NaN,0
0.04272314161,0.003820769023,-0.1986197233,0.005841144361,1
0.04272314161,0.005673262756,-0.1984016895,0.00479712896,1
0.04272314161,0.007525756955,-0.1966053545,0.002658976475,1
0.04272314161,0.009378250688,-0.1922547221,0.0007518794155,1
0.04272314161,0.01123074535,-0.1846265644,-0.001011954737,1
0.04272314161,0.01308323909,-0.176096499,-0.003863815917,1
0.04272314161,0.01493573282,-0.1703449935,-0.006874525454,1
0.04272314161,0.01678822748,-0.1663591862,-0.009011735208,1
0.04272314161,0.01864072122,-0.1661373377,-0.01127591915,1
0.04272314161,0.02049321495,-0.171368584,-0.01372471638,1
0.04272314161,0.02234570868,-0.17911309,-0.01581121236,1
0.04272314161,0.02419820242,-0.1847967058,-0.01529716607,1
0.04272314161,0.02605069801,-0.1859793961,-0.0105722025,1
0.04272314161,0.02790319175,-0.1849289387,-0.006532351021,1
0.04272314161,0.02975568548,-0.1845035106,-0.004317293875,1
0.04272314161,0.03160817921,-0.1872245669,-0.004549010191,1
0.04272314161,0.03346067294,-0.1908883452,-0.00557213556,1
0.04272314161,0.03531316668,-0.1940509677,-0.004445370287,1
0.04272314161,0.03716566041,-0.1961825788,-0.002972579328,1
0.04272314161,0.03901815414,-0.1924195886,-0.004362810403,1
0.04272314161,0.04087064788,-0.1819255352,-0.007336500566,1
0.04272314161,0.04272314161,-0.1688433439,-0.007644162048,1
0.04272314161,0.04457563907,-0.1583594233,-0.003895949805,1
0.04272314161,0.0464281328,-0.1428017467,-0.002562079811,1
0.04272314161,0.04828062654,-0.09712354094,-0.002154645277,1
0.04272314161,0.05013312027,-0.02667285316,0.0005099340342,1
0.04272314161,0.051985614,NaN,NaN,0
0.04272314161,0.05383810773,NaN,NaN,0
0.04457563907,0.001968274824,NaN,NaN,0
0.04457563907,0.003820769023,-0.2008667737,0.004273100756,1
0.04457563907,0.005673262756,-0.1996808499,0.004919789732,1
0.04457563907,0.007525756955,-0.1962782741,0.004900755361,1
0.04457563907,0.009378250688,-0.1903720051,0.004923918284,1
0.04457563907,0.01123074535,-0.1835355759,0.003689456731,1
0.04457563907,0.01308323909,-0.1743661165,0.0008985343156,1
0.04457563907,0.01493573282,-0.1668956131,-0.003463011235,1
0.04457563907,0.01678822748,-0.1615979522,-0.008046350442,1
0.04457563907,0.01864072122,-0.1601780951,-0.01368694846,1
0.04457563907,0.02049321495,-0.1673486978,-0.01807420887,1
0.04457563907,0.02234570868,-0.1805520654,-0.02008448355,1
0.04457563907,0.02419820242,-0.1874237359,-0.01858697832,1
0.04457563907,0.02605069801,-0.1867682934,-0.01334384456,1
0.04457563907,0.02790319175,-0.1861521304,-0.009432440624,1
0.04457563907,0.02975568548,-0.1849742532,-0.007950238883,1
0.04457563907,0.03160817921,-0.1835760623,-0.006942950655,1
0.04457563907,0.03346067294,-0.1839225143,-0.005751582328,1
0.04457563907,0.03531316668,-0.1868519038,-0.003081000177,1
0.04457563907,0.03716566041,-0.1908591539,-0.0009166478994,1
0.04457563907,0.03901815414,-0.190365389,-0.001546175801,1
0.04457563907,0.04087064788,-0.1818504781,-0.002361398423,1
0.04457563907,0.04272314161,-0.1701591909,-0.0008708226378,1
0.04457563907,0.04457563907,-0.157834962,0.001689817873,1
0.04457563907,0.0464281328,-0.1287843138,0.002010518452,1
0.04457563907,0.04828062654,-0.04204862565,-1.768065704e-05,1
0.04457563907,0.05013312027,-0.007137500215,0.0002456783259,1
0.04457563907,0.051985614,NaN,NaN,0
0.04457563907,0.05383810773,NaN,NaN,0
0.0464281328,0.001968274824,NaN,NaN,0
0.0464281328,0.003820769023,-0.2000820041,0.0004977776553,1
0.0464281328,0.005673262756,-0.1988568157,0.001586667378,1
0.0464281328,0.007525756955,-0.1961963028,0.003412569175,1
0.0464281328,0.009378250688,-0.1907299757,0.006401290651,1
0.0464281328,0.01123074535,-0.1846405119,0.006773768459,1
0.0464281328,0.01308323909,-0.1748576313,0.004426422995,1
0.0464281328,0.01493573282,-0.164359659,-0.0003790509072,1
0.0464281328,0.01678822748,-0.1562007815,-0.006702329032,1
0.0464281328,0.01864072122,-0.1554842442,-0.01437493879,1
0.0464281328,0.02049321495,-0.1665496826,-0.0213135723,1
0.0464281328,0.02234570868,-0.1845747977,-0.02614168264,1
0.0464281328,0.02419820242,-0.1902675927,-0.02579528466,1
0.0464281328,0.02605069801,-0.184888348,-0.02145816013,1
0.0464281328,0.02790319175,-0.1833134145,-0.01710994355,1
0.0464281328,0.02975568548,-0.1818586886,-0.01296502352,1
0.0464281328,0.03160817921,-0.1778180748,-0.008035950363,1
0.0464281328,0.03346067294,-0.1782445461,-0.005312111694,1
0.0464281328,0.03531316668,-0.1831297725,-0.003557005432,1
0.0464281328,0.03716566041,-0.18728894,-0.0028142964,1
0.0464281328,0.03901815414,-0.185810715,-0.001218000893,1
0.0464281328,0.04087064788,-0.1780593842,0.0011757717,1
0.0464281328,0.04272314161,-0.1694767028,0.003258869052,1
0.0464281328,0.04457563907,-0.1578160077,0.004073982593,1
0.0464281328,0.0464281328,-0.1245218739,0.003448495176,1
0.0464281328,0.04828062654,-0.02577402629,0.001278121374,1
0.0464281328,0.05013312027,-0.000322960288,0.0006279920926,1
0.0464281328,0.051985614,NaN,NaN,0
0.0464281328,0.05383810773,NaN,NaN,0
0.04828062654,0.001968274824,NaN,NaN,0
0.04828062654,0.003820769023,-0.1997233778,-0.006704847794,1
0.04828062654,0.005673262756,-0.1984992623,-0.005635630805,1
0.04828062654,0.007525756955,-0.1981914788,-0.001787968329,1
0.04828062654,0.009378250688,-0.1934350431,0.004529707134,1
0.04828062654,0.01123074535,-0.1854213923,0.00818283949,1
0.04828062654,0.01308323909,-0.1735177189,0.007063142024,1
0.04828062654,0.01493573282,-0.1604458988,0.002240805887,1
0.04828062654,0.01678822748,-0.1513365805,-0.005792920478,1
0.04828062654,0.01864072122,-0.1524139643,-0.0128959408,1
0.04828062654,0.02049321495,-0.1664179265,-0.02020522393,1
0.04828062654,0.02234570868,-0.1851846725,-0.02692885138,1
0.04828062654,0.02419820242,-0.1897588521,-0.03013058379,1
0.04828062654,0.02605069801,-0.1849063039,-0.02832619287,1
0.04828062654,0.02790319175,-0.1836677194,-0.02189372666,1
0.04828062654,0.02975568548,-0.1815679371,-0.01507654972,1
0.04828062654,0.03160817921,-0.1774306595,-0.009648366831,1
0.04828062654,0.03346067294,-0.1784963757,-0.007838083431,1
0.04828062654,0.03531316668,-0.183334887,-0.009405984543,1
0.04828062654,0.03716566041,-0.1837931275,-0.01036171056,1
0.04828062654,0.03901815414,-0.1778634489,-0.006988288369,1
0.04828062654,0.04087064788,-0.1705505252,-0.003198178718,1
0.04828062654,0.04272314161,-0.1655120105,-0.0006137822638,1
0.04828062654,0.04457563907,-0.1556795537,0.00110419048,1
0.04828062654,0.0464281328,-0.1218075156,0.001482584048,1
0.04828062654,0.04828062654,-0.02271312475,0.0008204342448,1
0.04828062654,0.05013312027,-0.0005689277314,0.0003590835549,2
0.04828062654,0.051985614,NaN,NaN,0
0.04828062654,0.05383810773,NaN,NaN,0
0.05013312027,0.001968274824,NaN,NaN,0
0.05013312027,0.003820769023,-0.2003784627,-0.01480665617,1
0.05013312027,0.005673262756,-0.1996008158,-0.01433512848,1
0.05013312027,0.007525756955,-0.1990891248,-0.01141359564,1
0.05013312027,0.009378250688,-0.1946412623,-0.005154636689,1
0.05013312027,0.01123074535,-0.1851824224,0.001161007676,1
0.05013312027,0.01308323909,-0.1697044671,0.001539565972,1
0.05013312027,0.01493573282,-0.1552632004,-0.001830545254,1
0.05013312027,0.01678822748,-0.1481598765,-0.007851485163,1
0.05013312027,0.01864072122,-0.1513378322,-0.01142243855,1
0.05013312027,0.02049321495,-0.1660277396,-0.01507431176,1
0.05013312027,0.02234570868,-0.1853399575,-0.01959375665,1
0.05013312027,0.02419820242,-0.1910017282,-0.02398088202,1
0.05013312027,0.02605069801,-0.1890452206,-0.02288720571,1
0.05013312027,0.02790319175,-0.1888792366,-0.01741464995,1
0.05013312027,0.02975568548,-0.1863636076,-0.01523909345,1
0.05013312027,0.03160817921,-0.182736516,-0.01509229466,1
0.05013312027,0.03346067294,-0.1817322373,-0.01653694361,1
0.05013312027,0.03531316668,-0.1825487763,-0.02168871649,1
0.05013312027,0.03716566041,-0.1782813668,-0.02262910083,1
0.05013312027,0.03901815414,-0.1696386486,-0.01855616085,1
0.05013312027,0.04087064788,-0.1632543057,-0.01453300752,1
0.05013312027,0.04272314161,-0.1599137634,-0.0108777089,1
0.05013312027,0.04457563907,-0.1503524482,-0.006343416404,1
0.05013312027,0.0464281328,-0.1156071648,-0.00283939275,1
0.05013312027,0.04828062654,-0.02027348801,-0.0004437957541,1
0.05013312027,0.05013312027,-0.0008155479445,-0.0001300828444,2
0.05013312027,0.051985614,NaN,NaN,0
0.05013312027,0.05383810773,NaN,NaN,0
0.051985614,0.001968274824,NaN,NaN,0
0.051985614,0.003820769023,-0.2008826286,-0.01738781855,1
0.051985614,0.005673262756,-0.2017659992,-0.01805585995,1
0.051985614,0.007525756955,-0.2011487931,-0.01972719096,1
0.051985614,0.009378250688,-0.1957976967,-0.01859365404,1
0.051985614,0.01123074535,-0.1852793694,-0.01312333439,1
0.051985614,0.01308323909,-0.1691030413,-0.01141598355,1
0.051985614,0.01493573282,-0.1553849876,-0.01101812348,1
0.051985614,0.01678822748,-0.1506351382,-0.01046332531,1
0.051985614,0.01864072122,-0.1541083455,-0.00853610225,1
0.051985614,0.02049321495,-0.1665539145,-0.006567930337,1
0.051985614,0.02234570868,-0.1850059777,-0.00669862004,1
0.051985614,0.02419820242,-0.1940049231,-0.009723262861,1
0.051985614,0.02605069801,-0.1944977939,-0.01070806943,1
0.051985614,0.02790319175,-0.1936998069,-0.01064104121,1
0.051985614,0.02975568548,-0.1913804263,-0.01512722112,1
0.051985614,0.03160817921,-0.187559396,-0.02101498097,1
0.051985614,0.03346067294,-0.1820217371,-0.02464018576,1
0.051985614,0.03531316668,-0.1775477678,-0.03074333631,1
0.051985614,0.03716566041,-0.1724237502,-0.03199439868,1
0.051985614,0.03901815414,-0.1659994125,-0.02898829058,1
0.051985614,0.04087064788,-0.1605310887,-0.02401063591,1
0.051985614,0.04272314161,-0.1547764838,-0.01837937348,1
0.051985614,0.04457563907,-0.1422234029,-0.01195702516,1
0.051985614,0.0464281328,-0.1067272723,-0.005978881847,1
0.051985614,0.04828062654,-0.01972294226,-0.001214903081,1
0.051985614,0.05013312027,-0.001956529217,-0.0005177410203,2
0.051985614,0.051985614,NaN,NaN,0
0.051985614,0.05383810773,NaN,NaN,0
0.05383810773,0.001968274824,NaN,NaN,0
0.05383810773,0.003820769023,-0.200696677,-0.01477294043,1
0.05383810773,0.005673262756,-0.2018252611,-0.01700296439,1
0.05383810773,0.007525756955,-0.2008583695,-0.02296552621,1
0.05383810773,0.009378250688,-0.1952799559,-0.02797589265,1
0.05383810773,0.01123074535,-0.1866890937,-0.0278179422,1
0.05383810773,0.01308323909,-0.1735031754,-0.02474474162,1
0.05383810773,0.01493573282,-0.1614056826,-0.01843719371,1
0.05383810773,0.01678822748,-0.1581065804,-0.01019239053,1
0.05383810773,0.01864072122,-0.1597512364,-0.003517506644,1
0.05383810773,0.02049321495,-0.1683438122,0.00118190737,1
0.05383810773,0.02234570868,-0.1842343062,0.002237399574,1
0.05383810773,0.02419820242,-0.1949049085,-0.0006578333559,1
0.05383810773,0.02605069801,-0.1945209503,-0.004449598491,1
0.05383810773,0.02790319175,-0.1946078092,-0.006138034631,1
0.05383810773,0.02975568548,-0.1962822378,-0.008782614022,1
0.05383810773,0.03160817921,-0.192830503,-0.01605596021,1
0.05383810773,0.03346067294,-0.1827841699,-0.02338593639,1
0.05383810773,0.03531316668,-0.1733576059,-0.03151364252,1
0.05383810773,0.03716566041,-0.1686866581,-0.03435284272,1
0.05383810773,0.03901815414,-0.1660311818,-0.03171126544,1
0.05383810773,0.04087064788,-0.1611964107,-0.02579995245,1
0.05383810773,0.04272314161,-0.152251929,-0.01939312555,1
0.05383810773,0.04457563907,-0.1382163912,-0.01267521735,1
0.05383810773,0.0464281328,-0.1055930927,-0.006419638172,1
0.05383810773,0.04828062654,-0.02091991529,-0.002130275825,1
0.05383810773,0.05013312027,-0.003713117214,-0.001223547617,2
0.05383810773,0.051985614,NaN,NaN,0
0.05383810773,0.05383810773,NaN,NaN,0
0.05569060147,0.001968274824,NaN,NaN,0
0.05569060147,0.003820769023,-0.2008455545,-0.01176399551,1
0.05569060147,0.005673262756,-0.2006102353,-0.01390742045,1
0.05569060147,0.007525756955,-0.1978984624,-0.01997342147,1
0.05569060147,0.009378250688,-0.1934951246,-0.02653096057,1
0.05569060147,0.01123074535,-0.1883539557,-0.02849996835,1
0.05569060147,0.01308323909,-0.1805114746,-0.02379126474,1
0.05569060147,0.01493573282,-0.1720230281,-0.01480347384,1
0.05569060147,0.01678822748,-0.1677840352,-0.005217371508,1
0.05569060147,0.01864072122,-0.1665326804,0.001563647063,1
0.05569060147,0.02049321495,-0.1707747579,0.005208363757,1
0.05569060147,0.02234570868,-0.1817983538,0.005353014451,1
0.05569060147,0.02419820242,-0.1910475791,0.001998607069,1
0.05569060147,0.02605069801,-0.1921367347,-0.001202747109,1
0.05569060147,0.02790319175,-0.1947535574,-0.001164741581,1
0.05569060147,0.02975568548,-0.2010200322,0.0001435440208,1
0.05569060147,0.03160817921,-0.1966210157,-0.006133751478,1
0.05569060147,0.03346067294,-0.1829293668,-0.01635191776,1
0.05569060147,0.03531316668,-0.1719850898,-0.02692730352,1
0.05569060147,0.03716566041,-0.1687405109,-0.0314414762,1
0.05569060147,0.03901815414,-0.1680102944,-0.02913736925,1
0.05569060147,0.04087064788,-0.1636676341,-0.02391710132,1
0.05569060147,0.04272314161,-0.1537458152,-0.01884238049,1
0.05569060147,0.04457563907,-0.1387473792,-0.01306101307,1
0.05569060147,0.0464281328,-0.1071936339,-0.007473699749,1
0.05569060147,0.04828062654,-0.02790710144,-0.003327316139,1
0.05569060147,0.05013312027,-0.008239467628,-0.001942634815,2
0.05569060147,0.051985614,NaN,NaN,0
0.05569060147,0.05383810773,NaN,NaN,0
0.0575430952,0.001968274824,NaN,NaN,0
0.0575430952,0.003820769023,-0.2010275573,-0.008569922298,1
0.0575430952,0.005673262756,-0.2004643083,-0.01068446506,1
0.0575430952,0.007525756955,-0.1972563565,-0.01621669345,1
0.0575430952,0.009378250688,-0.192828536,-0.02151851356,1
0.0575430952,0.01123074535,-0.1895612776,-0.02171345986,1
0.0575430952,0.01308323909,-0.18688564,-0.01671945676,1
0.0575430952,0.01493573282,-0.1821393222,-0.007273717318,1
0.0575430952,0.01678822748,-0.1754932404,0.00217309827,1
0.0575430952,0.01864072122,-0.1704817414,0.006900010165,1
0.0575430952,0.02049321495,-0.1710170954,0.008146629669,1
0.0575430952,0.02234570868,-0.1771991551,0.007231785916,1
0.0575430952,0.02419820242,-0.1857154816,0.003777698847,1
0.0575430952,0.02605069801,-0.1910368502,0.002189620864,1
0.0575430952,0.02790319175,-0.1949941665,0.002952376381,1
0.0575430952,0.02975568548,-0.1990268975,0.002255221363,1
0.0575430952,0.03160817921,-0.1939461231,-0.003768255236,1
0.0575430952,0.03346067294,-0.181360364,-0.01244221535,1
0.0575430952,0.03531316668,-0.1713197678,-0.02014992945,1
0.0575430952,0.03716566041,-0.1690863967,-0.0242631305,1
0.0575430952,0.03901815414,-0.1700835675,-0.02283781581,1
0.0575430952,0.04087064788,-0.1683574021,-0.01878484711,1
0.0575430952,0.04272314161,-0.1593474895,-0.01608625241,1
0.0575430952,0.04457563907,-0.1411405206,-0.01276724506,1
0.0575430952,0.0464281328,-0.108274214,-0.008491663262,1
0.0575430952,0.04828062654,-0.04131315276,-0.00340108783,1
0.0575430952,0.05013312027,-0.01394639723,-0.001947054057,1
0.0575430952,0.051985614,NaN,NaN,0
0.0575430952,0.05383810773,NaN,NaN,0
0.05939558893,0.001968274824,NaN,NaN,0
0.05939558893,0.003820769023,-0.2011186481,-0.00614524819,1
0.05939558893,0.005673262756,-0.2003325373,-0.007954486646,1
0.05939558893,0.007525756955,-0.1979844868,-0.01201154757,1
0.05939558893,0.009378250688,-0.1941117644,-0.01501144748,1
0.05939558893,0.01123074535,-0.1928649843,-0.01412335876,1
0.05939558893,0.01308323909,-0.1932990104,-0.009716693312,1
0.05939558893,0.01493573282,-0.1910851747,-0.0008823603275,1
0.05939558893,0.01678822748,-0.1825339645,0.007547630463,1
0.05939558893,0.01864072122,-0.1731343716,0.01057032123,1
0.05939558893,0.02049321495,-0.1697016507,0.01000713184,1
0.05939558893,0.02234570868,-0.1730476469,0.008468080312,1
0.05939558893,0.02419820242,-0.1825489849,0.004469205625,1
0.05939558893,0.02605069801,-0.1902621835,0.002061002888,1
0.05939558893,0.02790319175,-0.1922290474,0.0009249009308,1
0.05939558893,0.02975568548,-0.1913770139,-0.003185352543,1
0.05939558893,0.03160817921,-0.1861899495,-0.009757728316,1
0.05939558893,0.03346067294,-0.1779097021,-0.01572796702,1
0.05939558893,0.03531316668,-0.1711524427,-0.0193485897,1
0.05939558893,0.03716566041,-0.1699434221,-0.02138626948,1
0.05939558893,0.03901815414,-0.1717066616,-0.01859472878,1
0.05939558893,0.04087064788,-0.1740729511,-0.0128153041,1
0.05939558893,0.04272314161,-0.1681712121,-0.01083541475,1
0.05939558893,0.04457563907,-0.1496485472,-0.009536526166,1
0.05939558893,0.0464281328,-0.115577735,-0.006694814656,1
0.05939558893,0.04828062654,-0.06457298994,-0.00278335996,1
0.05939558893,0.05013312027,-0.01457778644,-0.001658889698,1
0.05939558893,0.051985614,NaN,NaN,0
0.05939558893,0.05383810773,NaN,NaN,0
0.06124808267,0.001968274824,NaN,NaN,0
0.06124808267,0.003820769023,-0.2010136247,-0.005660358816,1
0.06124808267,0.005673262756,-0.2004079223,-0.00707345875,1
0.06124808267,0.007525756955,-0.1992334872,-0.008808270097,1
0.06124808267,0.009378250688,-0.1964051574,-0.008615325205,1
0.06124808267,0.01123074535,-0.1966346502,-0.006887366064,1
0.06124808267,0.01308323909,-0.1987781227,-0.003040367272,1
0.06124808267,0.01493573282,-0.1986639351,0.003714805003,1
0.06124808267,0.01678822748,-0.1893082559,0.009267169982,1
0.06124808267,0.01864072122,-0.1776077449,0.01076730154,1
0.06124808267,0.02049321495,-0.1708686054,0.009934714064,1
0.06124808267,0.02234570868,-0.1709107459,0.00842464529,1
0.06124808267,0.02419820242,-0.1778476238,0.00338110677,1
0.06124808267,0.02605069801,-0.1864076257,-0.00162062014,1
0.06124808267,0.02790319175,-0.1864175647,-0.006288483273,1
0.06124808267,0.02975568548,-0.1828574389,-0.01296733413,1
0.06124808267,0.03160817921,-0.1788569242,-0.01908693649,1
0.06124808267,0.03346067294,-0.1736048758,-0.02283797972,1
0.06124808267,0.03531316668,-0.1705391109,-0.02579584904,1
0.06124808267,0.03716566041,-0.1711835414,-0.0259318985,1
0.06124808267,0.03901815414,-0.1742293686,-0.01999606192,1
0.06124808267,0.04087064788,-0.1792984456,-0.01150731836,1
0.06124808267,0.04272314161,-0.1757169515,-0.00780779589,1
0.06124808267,0.04457563907,-0.1584514976,-0.005821521394,1
0.06124808267,0.0464281328,-0.1163084805,-0.003921219613,1
0.06124808267,0.04828062654,-0.0353940092,-0.00207450334,1
0.06124808267,0.05013312027,0.0008548023179,-0.001508369111,1
0.06124808267,0.051985614,NaN,NaN,0
0.06124808267,0.05383810773,NaN,NaN,0
0.0631005764,0.001968274824,NaN,NaN,0
0.0631005764,0.003820769023,-0.199905321,-0.006320732646,1
0.0631005764,0.005673262756,-0.2001385391,-0.00611925777,1
0.0631005764,0.007525756955,-0.1998187304,-0.00594911864,1
0.0631005764,0.009378250688,-0.198919341,-0.004434880801,1
0.0631005764,0.01123074535,-0.2002807111,-0.00146360998,1
0.0631005764,0.01308323909,-0.2028171569,0.002762718359,1
0.0631005764,0.01493573282,-0.2018761337,0.00651894277,1
0.0631005764,0.01678822748,-0.1927516609,0.007804261055,1
0.0631005764,0.01864072122,-0.1803987324,0.008687433787,1
0.0631005764,0.02049321495,-0.172215879,0.009072847664,1
0.0631005764,0.02234570868,-0.169804737,0.007750470657,1
0.0631005764,0.02419820242,-0.1729164273,0.001775830402,1
0.0631005764,0.02605069801,-0.1791656017,-0.006740053184,1
0.0631005764,0.02790319175,-0.1799294055,-0.01492475998,1
0.0631005764,0.02975568548,-0.1798339635,-0.02094041556,1
0.0631005764,0.03160817921,-0.1783456802,-0.02421418577,1
0.0631005764,0.03346067294,-0.1726084352,-0.02673926204,1
0.0631005764,0.03531316668,-0.1703780144,-0.0313121751,1
0.0631005764,0.03716566041,-0.1724304408,-0.03165501356,1
0.0631005764,0.03901815414,-0.1761423051,-0.02466840111,1
0.0631005764,0.04087064788,-0.1801658869,-0.01454555616,1
0.0631005764,0.04272314161,-0.177576825,-0.008605493233,1
0.0631005764,0.04457563907,-0.1610498428,-0.005926487967,1
0.0631005764,0.0464281328,-0.1204324663,-0.004495345522,1
0.0631005764,0.04828062654,-0.03607218713,-0.001813007402,1
0.0631005764,0.05013312027,0.005034332629,-0.0009683400858,1
0.0631005764,0.051985614,NaN,NaN,0
0.0631005764,0.05383810773,NaN,NaN,0
0.06495307386,0.001968274824,NaN,NaN,0
0.06495307386,0.003820769023,-0.1982081383,-0.006958772428,1
0.06495307386,0.005673262756,-0.1998762935,-0.004400437232,1
0.06495307386,0.007525756955,-0.2007973641,-0.003769256175,1
0.06495307386,0.009378250688,-0.2022986412,-0.003059879644,1
0.06495307386,0.01123074535,-0.2046262175,-0.0007431572303,1
0.06495307386,0.01308323909,-0.2061065584,0.002108462621,1
0.06495307386,0.01493573282,-0.2029909641,0.00252039358,1
0.06495307386,0.01678822748,-0.1926317811,0.0008063910063,1
0.06495307386,0.01864072122,-0.1798501611,0.002183257136,1
0.06495307386,0.02049321495,-0.1717346758,0.003831867594,1
0.06495307386,0.02234570868,-0.1682514101,0.002110910835,1
0.06495307386,0.02419820242,-0.1679101139,-0.003930710722,1
0.06495307386,0.02605069801,-0.1716847271,-0.01241925824,1
0.06495307386,0.02790319175,-0.176989153,-0.01850707456,1
0.06495307386,0.02975568548,-0.1847794503,-0.0206210576,1
0.06495307386,0.03160817921,-0.1854171157,-0.02182809077,1
0.06495307386,0.03346067294,-0.1750157326,-0.02692154236,1
0.06495307386,0.03531316668,-0.1716003716,-0.03369439766,1
0.06495307386,0.03716566041,-0.1732212454,-0.0345155783,1
0.06495307386,0.03901815414,-0.1762417257,-0.02808151022,1
0.06495307386,0.04087064788,-0.1761686355,-0.01890536584,1
0.06495307386,0.04272314161,-0.1722598821,-0.0119584864,1
0.06495307386,0.04457563907,-0.1610275805,-0.008806647733,1
0.06495307386,0.0464281328,-0.135306567,-0.008271012455,1
0.06495307386,0.04828062654,-0.08579818904,-0.0045832959,1
0.06495307386,0.05013312027,-0.008996203542,-0.001706612646,1
0.06495307386,0.051985614,NaN,NaN,0
0.06495307386,0.05383810773,NaN,NaN,0
0.06680556387,0.001968274824,NaN,NaN,0
0.06680556387,0.003820769023,-0.1987461001,-0.006968053989,1
0.06680556387,0.005673262756,-0.2002674788,-0.004528678488,1
0.06680556387,0.007525756955,-0.2014542073,-0.004339260049,1
0.06680556387,0.009378250688,-0.2055978328,-0.005053767469,1
0.06680556387,0.01123074535,-0.2092360556,-0.00441883225,1
0.06680556387,0.01308323909,-0.208496511,-0.0028207961,1
0.06680556387,0.01493573282,-0.2025483996,-0.004638567567,1
0.06680556387,0.01678822748,-0.1911977977,-0.006445597857,1
0.06680556387,0.01864072122,-0.1790907532,-0.004586896393,1
0.06680556387,0.02049321495,-0.1705410928,-0.003155316459,1
0.06680556387,0.02234570868,-0.1654560119,-0.006561544724,1
0.06680556387,0.02419820242,-0.1633798629,-0.01318313833,1
0.06680556387,0.02605069801,-0.1674409211,-0.01828140579,1
0.06680556387,0.02790319175,-0.1774649322,-0.01871172339,1
0.06680556387,0.02975568548,-0.188396275,-0.01808347367,1
0.06680556387,0.03160817921,-0.1882891655,-0.01879084669,1
0.06680556387,0.03346067294,-0.1748203933,-0.02568447962,1
0.06680556387,0.03531316668,-0.1704162657,-0.03299545869,1
0.06680556387,0.03716566041,-0.1724945158,-0.03350065649,1
0.06680556387,0.03901815414,-0.1749823391,-0.02850442752,1
0.06680556387,0.04087064788,-0.1713166833,-0.02362114377,1
0.06680556387,0.04272314161,-0.1665054113,-0.01690834388,1
0.06680556387,0.04457563907,-0.157957986,-0.01128583401,1
0.06680556387,0.0464281328,-0.1360822618,-0.01008121669,1
0.06680556387,0.04828062654,-0.08917042613,-0.006179794669,1
0.06680556387,0.05013312027,-0.01459829509,-0.002336807316,1
0.06680556387,0.051985614,NaN,NaN,0
0.06680556387,0.05383810773,NaN,NaN,0
0.06865806133,0.001968274824,NaN,NaN,0
0.06865806133,0.003820769023,-0.2014548481,-0.007824236527,1
0.06865806133,0.005673262756,-0.2012210786,-0.006055025384,1
0.06865806133,0.007525756955,-0.2018503994,-0.005302096251,1
0.06865806133,0.009378250688,-0.2066768706,-0.006310928147,1
0.06865806133,0.01123074535,-0.2102865428,-0.006583598908,1
0.06865806133,0.01308323909,-0.2085042447,-0.006514072884,1
0.06865806133,0.01493573282,-0.2016401142,-0.008924105205,1
0.06865806133,0.01678822748,-0.1900646091,-0.00940100383,1
0.06865806133,0.01864072122,-0.1776719987,-0.007626725361,1
0.06865806133,0.02049321495,-0.1678875238,-0.007394943852,1
0.06865806133,0.02234570868,-0.1617460698,-0.01151728816,1
0.06865806133,0.02419820242,-0.1611521095,-0.01758709922,1
0.06865806133,0.02605069801,-0.1687735766,-0.02019711956,1
0.06865806133,0.02790319175,-0.1804635972,-0.01782045327,1
0.06865806133,0.02975568548,-0.186770305,-0.017144816,1
0.06865806133,0.03160817921,-0.1822580546,-0.01822365634,1
0.06865806133,0.03346067294,-0.1709047705,-0.02546757087,1
0.06865806133,0.03531316668,-0.16660887,-0.03225664422,1
0.06865806133,0.03716566041,-0.1677430421,-0.03386072069,1
0.06865806133,0.03901815414,-0.1681397557,-0.03235607594,1
0.06865806133,0.04087064788,-0.1659884155,-0.02982178703,1
0.06865806133,0.04272314161,-0.1631791294,-0.02373242006,1
0.06865806133,0.04457563907,-0.154133454,-0.01472655684,1
0.06865806133,0.0464281328,-0.1226462871,-0.009226244874,1
0.06865806133,0.04828062654,-0.04138282686,-0.004461771809,1
0.06865806133,0.05013312027,-0.004906089511,-0.001816690434,1
0.06865806133,0.051985614,NaN,NaN,0
0.06865806133,0.05383810773,NaN,NaN,0
0.07051055133,0.001968274824,NaN,NaN,0
0.07051055133,0.003820769023,-0.2036738694,-0.008192248642,1
0.07051055133,0.005673262756,-0.2027976364,-0.006064248737,1
0.07051055133,0.007525756955,-0.2028438002,-0.004732937086,1
0.07051055133,0.009378250688,-0.2059797794,-0.005075416528,1
0.07051055133,0.01123074535,-0.2082011998,-0.005233494099,1
0.07051055133,0.01308323909,-0.2057333738,-0.007325977087,1
0.07051055133,0.01493573282,-0.1996297538,-0.01074593421,1
0.07051055133,0.01678822748,-0.1889961064,-0.01086718496,1
0.07051055133,0.01864072122,-0.1764095873,-0.01109794714,1
0.07051055133,0.02049321495,-0.1655451208,-0.01221407484,1
0.07051055133,0.02234570868,-0.1593793929,-0.01329427585,1
0.07051055133,0.02419820242,-0.162708059,-0.01435045525,1
0.07051055133,0.02605069801,-0.1730657667,-0.01510172244,1
0.07051055133,0.02790319175,-0.1855063438,-0.01539524179,1
0.07051055133,0.02975568548,-0.1876547188,-0.01856470108,1
0.07051055133,0.03160817921,-0.1790982336,-0.02312292717,1
0.07051055133,0.03346067294,-0.1674886346,-0.03025256656,1
0.07051055133,0.03531316668,-0.1613297909,-0.03616447374,1
0.07051055133,0.03716566041,-0.1607324481,-0.03808936477,1
0.07051055133,0.03901815414,-0.1620181948,-0.03701813146,1
0.07051055133,0.04087064788,-0.1636080593,-0.03409934416,1
0.07051055133,0.04272314161,-0.1633115858,-0.02918731235,1
0.07051055133,0.04457563907,-0.1527844518,-0.01914300397,1
0.07051055133,0.0464281328,-0.1185645834,-0.01139834896,1
0.07051055133,0.04828062654,-0.02975448035,-0.005533966236,1
0.07051055133,0.05013312027,-0.004105250817,-0.002140892902,1
0.07051055133,0.051985614,NaN,NaN,0
0.07051055133,0.05383810773,NaN,NaN,0
0.07236304879,0.001968274824,NaN,NaN,0
0.07236304879,0.003820769023,-0.2053670734,-0.00649794098,1
0.07236304879,0.005673262756,-0.2039242387,-0.00444467878,1
0.07236304879,0.007525756955,-0.2025936544,-0.003979018889,1
0.07236304879,0.009378250688,-0.2048285306,-0.004270954523,1
0.07236304879,0.01123074535,-0.2063481063,-0.004616241902,1
0.07236304879,0.01308323909,-0.2024325728,-0.007496773265,1
0.07236304879,0.01493573282,-0.1958383024,-0.01321642008,1
0.07236304879,0.01678822748,-0.1876271069,-0.01832598448,1
0.07236304879,0.01864072122,-0.177561745,-0.0241444204,1
0.07236304879,0.02049321495,-0.1664773226,-0.02281321958,1
0.07236304879,0.02234570868,-0.1581054479,-0.01422564313,1
0.07236304879,0.02419820242,-0.1629954875,-0.009028739296,1
0.07236304879,0.02605069801,-0.1757297814,-0.009449078701,1
0.07236304879,0.02790319175,-0.1909167618,-0.01517496724,1
0.07236304879,0.02975568548,-0.1891531199,-0.02334870026,1
0.07236304879,0.03160817921,-0.1763992608,-0.0296254158,1
0.07236304879,0.03346067294,-0.1649596393,-0.03692670539,1
0.07236304879,0.03531316668,-0.1588401198,-0.04163612425,1
0.07236304879,0.03716566041,-0.1582829654,-0.04205061495,1
0.07236304879,0.03901815414,-0.160361886,-0.03850897774,1
0.07236304879,0.04087064788,-0.1642732769,-0.03357462585,1
0.07236304879,0.04272314161,-0.1671136469,-0.03002402186,1
0.07236304879,0.04457563907,-0.1560827345,-0.0203255564,1
0.07236304879,0.0464281328,-0.1239747629,-0.01410748996,1
0.07236304879,0.04828062654,-0.03004958853,-0.005575370044,1
0.07236304879,0.05013312027,-0.005635746755,-0.002431601984,2
0.07236304879,0.051985614,NaN,NaN,0
0.07236304879,0.05383810773,NaN,NaN,0
