PIVlab, ASCII chart output - 08-Oct-2024
FRAME: 231, filenames: A: Basler_acA640-750um__24761715__20241004_145722425_0460.bmp & B: Basler_acA640-750um__24761715__20241004_145722425_0461.bmp, conversion factor xy (px -> m): 0.00011578, conversion factor uv (px/frame -> m/s): 0.034769
x [m],y [m],u [m/s],v [m/s],Vector type [-]
0.001968274824,0.001968274824,NaN,NaN,0
0.001968274824,0.003820769023,-0.1823587716,-0.002611730015,1
0.001968274824,0.005673262756,-0.1882425547,-0.003689178033,1
0.001968274824,0.007525756955,-0.1929880679,-0.005761213601,1
0.001968274824,0.009378250688,-0.1951869726,-0.007563904859,1
0.001968274824,0.01123074535,-0.1924944073,-0.007288021967,1
0.001968274824,0.01308323909,-0.1842183769,-0.005898764823,1
0.001968274824,0.01493573282,-0.1818922013,-0.007413861807,1
0.001968274824,0.01678822748,-0.1842768192,-0.009040612727,1
0.001968274824,0.01864072122,-0.1841401607,-0.01100922842,1
0.001968274824,0.02049321495,-0.1867687255,-0.01615336537,1
0.001968274824,0.02234570868,-0.1928093284,-0.02100542746,1
0.001968274824,0.02419820242,-0.1975871921,-0.02838939987,1
0.001968274824,0.02605069801,-0.1962792128,-0.03516677767,1
0.001968274824,0.02790319175,-0.1934607327,-0.03192812577,1
0.001968274824,0.02975568548,-0.1920926571,-0.02247506939,1
0.001968274824,0.03160817921,-0.1899929643,-0.01708856411,1
0.001968274824,0.03346067294,-0.182361871,-0.01793935709,1
0.001968274824,0.03531316668,-0.1741927862,-0.02196226642,1
0.001968274824,0.03716566041,-0.1706558019,-0.02377134003,1
0.001968274824,0.03901815414,-0.1718306243,-0.01976653934,1
0.001968274824,0.04087064788,-0.1764825284,-0.01480727736,1
0.001968274824,0.04272314161,-0.1767057478,-0.01441167947,1
0.001968274824,0.04457563907,-0.1557864845,-0.01210808661,1
0.001968274824,0.0464281328,-0.1071682945,-0.009912647307,1
0.001968274824,0.04828062654,-0.03765198588,-0.003070183098,1
0.001968274824,0.05013312027,0.002986628795,0.0002502626448,1
0.001968274824,0.051985614,NaN,NaN,0
0.001968274824,0.05383810773,NaN,NaN,0
0.003820769023,0.001968274824,NaN,NaN,0
0.003820769023,0.003820769023,-0.1850366443,-0.001043938682,1
0.003820769023,0.005673262756,-0.187153697,-0.0003013620735,1
0.003820769023,0.007525756955,-0.1878541261,0.0002086656168,1
0.003820769023,0.009378250688,-0.1878679693,0.0001927878475,1
0.003820769023,0.01123074535,-0.1863741279,-0.0005793773453,1
0.003820769023,0.01308323909,-0.1830874085,-0.001351134735,1
0.003820769023,0.01493573282,-0.183785826,-0.003886353457,1
0.003820769023,0.01678822748,-0.1868325174,-0.007413120475,1
0.003820769023,0.01864072122,-0.1855710447,-0.01056647394,1
0.003820769023,0.02049321495,-0.1862623096,-0.01521365717,1
0.003820769023,0.02234570868,-0.1898749918,-0.0181874074,1
0.003820769023,0.02419820242,-0.1933048069,-0.0224741213,1
0.003820769023,0.02605069801,-0.1936955154,-0.02631196752,1
0.003820769023,0.02790319175,-0.1919709146,-0.02515873499,1
0.003820769023,0.02975568548,-0.1896668375,-0.02094092779,1
0.003820769023,0.03160817921,-0.1852015555,-0.02056450956,1
0.003820769023,0.03346067294,-0.1773543954,-0.02317807451,1
0.003820769023,0.03531316668,-0.1717937589,-0.02385362238,1
0.003820769023,0.03716566041,-0.171897456,-0.02207274362,1
0.003820769023,0.03901815414,-0.175803408,-0.01612064615,1
0.003820769023,0.04087064788,-0.1807218343,-0.01196817588,1
0.003820769023,0.04272314161,-0.1811145395,-0.01280034147,1
0.003820769023,0.04457563907,-0.163233012,-0.01279986836,1
0.003820769023,0.0464281328,-0.1135992408,-0.01082383655,1
0.003820769023,0.04828062654,-0.02538530715,-0.003534650896,1
0.003820769023,0.05013312027,0.008021860383,-0.001113502192,1
0.003820769023,0.051985614,NaN,NaN,0
0.003820769023,0.05383810773,NaN,NaN,0
0.005673262756,0.001968274824,NaN,NaN,0
0.005673262756,0.003820769023,-0.188619867,-0.0009043794707,1
0.005673262756,0.005673262756,-0.1890639216,0.0006318832748,1
0.005673262756,0.007525756955,-0.1878310889,0.002734991256,1
0.005673262756,0.009378250688,-0.1870321333,0.004367692396,1
0.005673262756,0.01123074535,-0.1869055182,0.003713704878,1
0.005673262756,0.01308323909,-0.1868946254,0.002923355671,1
0.005673262756,0.01493573282,-0.1877674311,0.001381293638,1
0.005673262756,0.01678822748,-0.1881362647,-0.003031345317,1
0.005673262756,0.01864072122,-0.185880661,-0.007907015271,1
0.005673262756,0.02049321495,-0.1863500923,-0.01259405538,1
0.005673262756,0.02234570868,-0.1899464875,-0.01469856314,1
0.005673262756,0.02419820242,-0.1939824969,-0.01703718305,1
0.005673262756,0.02605069801,-0.1967732012,-0.01881252974,1
0.005673262756,0.02790319175,-0.1973328292,-0.01883165538,1
0.005673262756,0.02975568548,-0.1911766082,-0.01701265387,1
0.005673262756,0.03160817921,-0.1838955283,-0.01956749149,1
0.005673262756,0.03346067294,-0.1777276695,-0.02281693183,1
0.005673262756,0.03531316668,-0.1736734807,-0.02228605561,1
0.005673262756,0.03716566041,-0.1722581834,-0.0192006249,1
0.005673262756,0.03901815414,-0.1744139642,-0.01301162224,1
0.005673262756,0.04087064788,-0.1795327961,-0.009540847503,1
0.005673262756,0.04272314161,-0.1816338003,-0.0106996512,1
0.005673262756,0.04457563907,-0.1698381454,-0.01212425809,1
0.005673262756,0.0464281328,-0.1268976778,-0.01174574904,1
0.005673262756,0.04828062654,-0.03754186258,-0.006002362818,1
0.005673262756,0.05013312027,0.0007109931321,-0.003589054337,1
0.005673262756,0.051985614,NaN,NaN,0
0.005673262756,0.05383810773,NaN,NaN,0
0.007525756955,0.001968274824,NaN,NaN,0
0.007525756955,0.003820769023,-0.1923793256,-0.00242120144,1
0.007525756955,0.005673262756,-0.192732811,-0.001263611484,1
0.007525756955,0.007525756955,-0.1913619041,0.0008384954999,1
0.007525756955,0.009378250688,-0.1902613789,0.003164906055,1
0.007525756955,0.01123074535,-0.1903262585,0.004055366851,1
0.007525756955,0.01308323909,-0.1908128411,0.00481784204,1
0.007525756955,0.01493573282,-0.1901194006,0.003628358943,1
0.007525756955,0.01678822748,-0.1866373122,-0.0007210117765,1
0.007525756955,0.01864072122,-0.183726728,-0.005936574191,1
0.007525756955,0.02049321495,-0.1860584617,-0.01067452505,1
0.007525756955,0.02234570868,-0.1913366318,-0.01113475673,1
0.007525756955,0.02419820242,-0.1959761679,-0.01166585926,1
0.007525756955,0.02605069801,-0.1987143904,-0.01385431364,1
0.007525756955,0.02790319175,-0.1971345991,-0.01651627943,1
0.007525756955,0.02975568548,-0.186907649,-0.01544766966,1
0.007525756955,0.03160817921,-0.1805150956,-0.01671603695,1
0.007525756955,0.03346067294,-0.1777036935,-0.01929087378,1
0.007525756955,0.03531316668,-0.1745051593,-0.01875353977,1
0.007525756955,0.03716566041,-0.1711465716,-0.01592154615,1
0.007525756955,0.03901815414,-0.1707880646,-0.0112274196,1
0.007525756955,0.04087064788,-0.1753890067,-0.008333513513,1
0.007525756955,0.04272314161,-0.1797583401,-0.009050816298,1
0.007525756955,0.04457563907,-0.1733379513,-0.01058647875,1
0.007525756955,0.0464281328,-0.1397086829,-0.01095404197,1
0.007525756955,0.04828062654,-0.05923797563,-0.006292637438,1
0.007525756955,0.05013312027,-0.01154386066,-0.004728188738,1
0.007525756955,0.051985614,NaN,NaN,0
0.007525756955,0.05383810773,NaN,NaN,0
0.009378250688,0.001968274824,NaN,NaN,0
0.009378250688,0.003820769023,-0.1945564896,-0.004708277062,1
0.009378250688,0.005673262756,-0.1954987049,-0.003401781432,1
0.009378250688,0.007525756955,-0.1946894675,-0.00108255283,1
0.009378250688,0.009378250688,-0.1933996379,0.001969683915,1
0.009378250688,0.01123074535,-0.1926306337,0.003564458806,1
0.009378250688,0.01308323909,-0.1914389133,0.004907843191,1
0.009378250688,0.01493573282,-0.1890307963,0.004674525466,1
0.009378250688,0.01678822748,-0.1831129938,-0.0003977686283,1
0.009378250688,0.01864072122,-0.1798811704,-0.0059159128,1
0.009378250688,0.02049321495,-0.1864887923,-0.008922936395,1
0.009378250688,0.02234570868,-0.1959272623,-0.008001591079,1
0.009378250688,0.02419820242,-0.2014040649,-0.008470540866,1
0.009378250688,0.02605069801,-0.201311782,-0.01347800437,1
0.009378250688,0.02790319175,-0.1943358183,-0.01853815466,1
0.009378250688,0.02975568548,-0.1827501208,-0.01837895252,1
0.009378250688,0.03160817921,-0.1772422493,-0.01654268429,1
0.009378250688,0.03346067294,-0.1763470769,-0.01607186906,1
0.009378250688,0.03531316668,-0.1746546924,-0.01524686161,1
0.009378250688,0.03716566041,-0.1703827381,-0.01384872384,1
0.009378250688,0.03901815414,-0.1686347425,-0.01131564286,1
0.009378250688,0.04087064788,-0.1728239357,-0.008710594848,1
0.009378250688,0.04272314161,-0.1782312542,-0.007952160202,1
0.009378250688,0.04457563907,-0.1737158149,-0.008176076226,1
0.009378250688,0.0464281328,-0.1411006898,-0.007537219208,1
0.009378250688,0.04828062654,-0.04938350618,-0.002775520785,1
0.009378250688,0.05013312027,-0.005213392898,-0.002707537031,1
0.009378250688,0.051985614,NaN,NaN,0
0.009378250688,0.05383810773,NaN,NaN,0
0.01123074535,0.001968274824,NaN,NaN,0
0.01123074535,0.003820769023,-0.1949356347,-0.005889171269,1
0.01123074535,0.005673262756,-0.1969775707,-0.004171653651,1
0.01123074535,0.007525756955,-0.1968086809,-0.002290714066,1
0.01123074535,0.009378250688,-0.1962380707,0.0004059354251,1
0.01123074535,0.01123074535,-0.195718959,0.003109395038,1
0.01123074535,0.01308323909,-0.1933980286,0.005606247112,1
0.01123074535,0.01493573282,-0.1881324053,0.00505146198,1
0.01123074535,0.01678822748,-0.1791915745,-0.001503411913,1
0.01123074535,0.01864072122,-0.1756164879,-0.007574965712,1
0.01123074535,0.02049321495,-0.18652156,-0.008585868403,1
0.01123074535,0.02234570868,-0.201249674,-0.006220016163,1
0.01123074535,0.02419820242,-0.2076007128,-0.007939912379,1
0.01123074535,0.02605069801,-0.2032519579,-0.01495655254,1
0.01123074535,0.02790319175,-0.1903362572,-0.02051127702,1
0.01123074535,0.02975568548,-0.1798631251,-0.02072263695,1
0.01123074535,0.03160817921,-0.1771681905,-0.01668807305,1
0.01123074535,0.03346067294,-0.1775603145,-0.01409773435,1
0.01123074535,0.03531316668,-0.1751004905,-0.01384442206,1
0.01123074535,0.03716566041,-0.1703661084,-0.01441977546,1
0.01123074535,0.03901815414,-0.1689005345,-0.01308283582,1
0.01123074535,0.04087064788,-0.1724464297,-0.01007078029,1
0.01123074535,0.04272314161,-0.1773737669,-0.008153404109,1
0.01123074535,0.04457563907,-0.1752745062,-0.007115454879,1
0.01123074535,0.0464281328,-0.1538391113,-0.005365013611,1
0.01123074535,0.04828062654,-0.09411016107,-0.001975230174,1
0.01123074535,0.05013312027,-0.02514244244,-0.001804886269,1
0.01123074535,0.051985614,NaN,NaN,0
0.01123074535,0.05383810773,NaN,NaN,0
0.01308323909,0.001968274824,NaN,NaN,0
0.01308323909,0.003820769023,-0.1963905394,-0.004082179628,1
0.01308323909,0.005673262756,-0.1989305615,-0.002648426453,1
0.01308323909,0.007525756955,-0.1984731108,-0.002903742949,1
0.01308323909,0.009378250688,-0.1971357167,-0.001804931671,1
0.01308323909,0.01123074535,-0.1953751445,0.001003011945,1
0.01308323909,0.01308323909,-0.1940586567,0.004532021936,1
0.01308323909,0.01493573282,-0.186735943,0.003505452769,1
0.01308323909,0.01678822748,-0.1743437052,-0.004498512018,1
0.01308323909,0.01864072122,-0.1719240248,-0.01096179895,1
0.01308323909,0.02049321495,-0.1835216135,-0.01254349202,1
0.01308323909,0.02234570868,-0.1981714666,-0.01100420952,1
0.01308323909,0.02419820242,-0.2018320709,-0.01354005933,1
0.01308323909,0.02605069801,-0.1954523921,-0.01875193231,1
0.01308323909,0.02790319175,-0.1838957965,-0.02091945335,1
0.01308323909,0.02975568548,-0.1777512282,-0.01948547177,1
0.01308323909,0.03160817921,-0.1782811731,-0.01720859297,1
0.01308323909,0.03346067294,-0.1796856672,-0.01639593579,1
0.01308323909,0.03531316668,-0.1762005836,-0.01750553958,1
0.01308323909,0.03716566041,-0.171720773,-0.01941923425,1
0.01308323909,0.03901815414,-0.1721227467,-0.01720117405,1
0.01308323909,0.04087064788,-0.1749489307,-0.013840314,1
0.01308323909,0.04272314161,-0.1778426468,-0.01116624754,1
0.01308323909,0.04457563907,-0.1753913164,-0.008250614628,1
0.01308323909,0.0464281328,-0.1543696821,-0.005531903822,1
0.01308323909,0.04828062654,-0.09316831082,-0.003018477699,1
0.01308323909,0.05013312027,-0.02168910019,-0.001716357772,1
0.01308323909,0.051985614,NaN,NaN,0
0.01308323909,0.05383810773,NaN,NaN,0
0.01493573282,0.001968274824,NaN,NaN,0
0.01493573282,0.003820769023,-0.1983891726,-0.002833506791,1
0.01493573282,0.005673262756,-0.2003169805,-0.001924494514,1
0.01493573282,0.007525756955,-0.1991216242,-0.002506779972,1
0.01493573282,0.009378250688,-0.196193397,-0.002136869123,1
0.01493573282,0.01123074535,-0.1926459223,-0.000692239264,1
0.01493573282,0.01308323909,-0.1903261095,0.001791320625,1
0.01493573282,0.01493573282,-0.1836681366,-0.0009713593754,1
0.01493573282,0.01678822748,-0.1727749109,-0.01111744624,1
0.01493573282,0.01864072122,-0.1711339653,-0.01788654365,1
0.01493573282,0.02049321495,-0.1785764694,-0.01921617612,1
0.01493573282,0.02234570868,-0.1862168759,-0.0197805725,1
0.01493573282,0.02419820242,-0.1866351664,-0.0225942973,1
0.01493573282,0.02605069801,-0.1827838868,-0.02348765917,1
0.01493573282,0.02790319175,-0.1782019287,-0.02204176039,1
0.01493573282,0.02975568548,-0.1769374758,-0.02147680894,1
0.01493573282,0.03160817921,-0.179784596,-0.02150984108,1
0.01493573282,0.03346067294,-0.1823152453,-0.02211617865,1
0.01493573282,0.03531316668,-0.1806378663,-0.02299942821,1
0.01493573282,0.03716566041,-0.1789378077,-0.02405356988,1
0.01493573282,0.03901815414,-0.179168433,-0.02184268646,1
0.01493573282,0.04087064788,-0.1795080602,-0.02050388418,1
0.01493573282,0.04272314161,-0.1801975071,-0.01728505455,1
0.01493573282,0.04457563907,-0.1741204113,-0.0105990842,1
0.01493573282,0.0464281328,-0.1411631256,-0.00585151324,1
0.01493573282,0.04828062654,-0.04440359399,-0.003522165352,1
0.01493573282,0.05013312027,-0.003201981308,-0.002055163728,1
0.01493573282,0.051985614,NaN,NaN,0
0.01493573282,0.05383810773,NaN,NaN,0
0.01678822748,0.001968274824,NaN,NaN,0
0.01678822748,0.003820769023,-0.1990420222,-0.004371745046,1
0.01678822748,0.005673262756,-0.199095279,-0.003767946037,1
0.01678822748,0.007525756955,-0.1979476511,-0.001977394568,1
0.01678822748,0.009378250688,-0.1933356673,-0.0002490348415,1
0.01678822748,0.01123074535,-0.1895292848,0.0002592776727,1
0.01678822748,0.01308323909,-0.1876554489,-0.0008528142353,1
0.01678822748,0.01493573282,-0.1827531606,-0.008413759992,1
0.01678822748,0.01678822748,-0.1756195277,-0.02201795392,1
0.01678822748,0.01864072122,-0.174415186,-0.02666024491,1
0.01678822748,0.02049321495,-0.1764349639,-0.02322577871,1
0.01678822748,0.02234570868,-0.1767384857,-0.02134858631,1
0.01678822748,0.02419820242,-0.1765270829,-0.02279002964,1
0.01678822748,0.02605069801,-0.176389426,-0.02487129159,1
0.01678822748,0.02790319175,-0.1761547625,-0.0260174349,1
0.01678822748,0.02975568548,-0.1786839813,-0.02745401114,1
0.01678822748,0.03160817921,-0.1831914485,-0.02746597119,1
0.01678822748,0.03346067294,-0.186183393,-0.02739343792,1
0.01678822748,0.03531316668,-0.1872193664,-0.02663415484,1
0.01678822748,0.03716566041,-0.1871380359,-0.02671076544,1
0.01678822748,0.03901815414,-0.1836226881,-0.02604765631,1
0.01678822748,0.04087064788,-0.1814247668,-0.02490244247,1
0.01678822748,0.04272314161,-0.183532849,-0.01974529214,1
0.01678822748,0.04457563907,-0.1791940182,-0.0118111968,1
0.01678822748,0.0464281328,-0.1431119889,-0.006406809203,1
0.01678822748,0.04828062654,-0.03918312863,-0.003522626357,1
0.01678822748,0.05013312027,-0.009413979948,-0.002431673231,2
0.01678822748,0.051985614,NaN,NaN,0
0.01678822748,0.05383810773,NaN,NaN,0
0.01864072122,0.001968274824,NaN,NaN,0
0.01864072122,0.003820769023,-0.1974403113,-0.006953992881,1
0.01864072122,0.005673262756,-0.1968423426,-0.007371394895,1
0.01864072122,0.007525756955,-0.1962104887,-0.00412285747,1
0.01864072122,0.009378250688,-0.1920598596,-0.0001597152441,1
0.01864072122,0.01123074535,-0.1885744929,0.001069276594,1
0.01864072122,0.01308323909,-0.1863896996,-0.001871398767,1
0.01864072122,0.01493573282,-0.1823002398,-0.01247322746,1
0.01864072122,0.01678822748,-0.17841129,-0.0256003309,1
0.01864072122,0.01864072122,-0.1774434298,-0.02921667323,1
0.01864072122,0.02049321495,-0.1768010259,-0.02417968214,1
0.01864072122,0.02234570868,-0.1736788154,-0.02162070386,1
0.01864072122,0.02419820242,-0.1724386215,-0.0242650006,1
0.01864072122,0.02605069801,-0.1731387377,-0.02906412445,1
0.01864072122,0.02790319175,-0.1762424707,-0.03151803464,1
0.01864072122,0.02975568548,-0.1828880757,-0.03135762736,1
0.01864072122,0.03160817921,-0.1896301061,-0.02929488197,1
0.01864072122,0.03346067294,-0.1922060251,-0.02749173902,1
0.01864072122,0.03531316668,-0.1920846701,-0.02612088807,1
0.01864072122,0.03716566041,-0.1892157197,-0.02761643752,1
0.01864072122,0.03901815414,-0.1817909181,-0.02860560082,1
0.01864072122,0.04087064788,-0.1789941192,-0.0251052808,1
0.01864072122,0.04272314161,-0.1828873605,-0.01903068461,1
0.01864072122,0.04457563907,-0.1828029454,-0.01209928468,1
0.01864072122,0.0464281328,-0.1545091271,-0.006880887784,1
0.01864072122,0.04828062654,-0.0696997866,-0.003311655484,1
0.01864072122,0.05013312027,-0.02682646923,-0.002461781027,2
0.01864072122,0.051985614,NaN,NaN,0
0.01864072122,0.05383810773,NaN,NaN,0
0.02049321495,0.001968274824,NaN,NaN,0
0.02049321495,0.003820769023,-0.195950672,-0.006643895525,1
0.02049321495,0.005673262756,-0.1949701309,-0.007499767933,1
0.02049321495,0.007525756955,-0.1944757551,-0.004477264825,1
0.02049321495,0.009378250688,-0.192396,2.42319993e-06,1
0.02049321495,0.01123074535,-0.1897280663,0.002675936325,1
0.02049321495,0.01308323909,-0.1866984665,0.0009650383145,1
0.02049321495,0.01493573282,-0.1813526899,-0.007952054963,1
0.02049321495,0.01678822748,-0.1774647832,-0.01797364652,1
0.02049321495,0.01864072122,-0.177907601,-0.02312622964,1
0.02049321495,0.02049321495,-0.1785420924,-0.02316090651,1
0.02049321495,0.02234570868,-0.1759482771,-0.02176896483,1
0.02049321495,0.02419820242,-0.1750953346,-0.02568843774,1
0.02049321495,0.02605069801,-0.1767920554,-0.03073422611,1
0.02049321495,0.02790319175,-0.182060048,-0.03077789769,1
0.02049321495,0.02975568548,-0.1899417043,-0.02699963003,1
0.02049321495,0.03160817921,-0.1963828504,-0.02322657965,1
0.02049321495,0.03346067294,-0.1967802495,-0.02205971628,1
0.02049321495,0.03531316668,-0.1925600916,-0.02266574465,1
0.02049321495,0.03716566041,-0.1863228083,-0.0252198875,1
0.02049321495,0.03901815414,-0.1778700948,-0.0263017863,1
0.02049321495,0.04087064788,-0.1737080365,-0.02290119417,1
0.02049321495,0.04272314161,-0.1770788431,-0.01854693145,1
0.02049321495,0.04457563907,-0.1761573851,-0.01288291346,1
0.02049321495,0.0464281328,-0.1438426524,-0.006289463956,1
0.02049321495,0.04828062654,-0.03923549131,-0.003003472462,1
0.02049321495,0.05013312027,-0.009223551489,-0.002369031776,2
0.02049321495,0.051985614,NaN,NaN,0
0.02049321495,0.05383810773,NaN,NaN,0
0.02234570868,0.001968274824,NaN,NaN,0
0.02234570868,0.003820769023,-0.1983297914,-0.002553177299,1
0.02234570868,0.005673262756,-0.1966381371,-0.003088810248,1
0.02234570868,0.007525756955,-0.1955915093,-0.00110804406,1
0.02234570868,0.009378250688,-0.1935339123,0.002659443533,1
0.02234570868,0.01123074535,-0.1901025176,0.006155256648,1
0.02234570868,0.01308323909,-0.1857170165,0.005862454418,1
0.02234570868,0.01493573282,-0.1788897514,0.0009659829084,1
0.02234570868,0.01678822748,-0.1730495393,-0.00686959736,1
0.02234570868,0.01864072122,-0.174894467,-0.0148599837,1
0.02234570868,0.02049321495,-0.1789920628,-0.02064107917,1
0.02234570868,0.02234570868,-0.1799286902,-0.02357367054,1
0.02234570868,0.02419820242,-0.1807066351,-0.0267853681,1
0.02234570868,0.02605069801,-0.1843082607,-0.02844897099,1
0.02234570868,0.02790319175,-0.1903001517,-0.02411900833,1
0.02234570868,0.02975568548,-0.197511211,-0.01689529233,1
0.02234570868,0.03160817921,-0.2013371587,-0.01224482711,1
0.02234570868,0.03346067294,-0.1970471442,-0.01277191099,1
0.02234570868,0.03531316668,-0.1888874173,-0.01586629823,1
0.02234570868,0.03716566041,-0.1816869825,-0.01958883367,1
0.02234570868,0.03901815414,-0.1758696586,-0.02180803008,1
0.02234570868,0.04087064788,-0.1722701788,-0.02079701982,1
0.02234570868,0.04272314161,-0.1734734923,-0.01800425723,1
0.02234570868,0.04457563907,-0.1722304523,-0.01321205776,1
0.02234570868,0.0464281328,-0.1432672143,-0.007124283817,1
0.02234570868,0.04828062654,-0.04053433239,-0.004303945694,1
0.02234570868,0.05013312027,0.0005172834499,-0.002673342358,1
0.02234570868,0.051985614,NaN,NaN,0
0.02234570868,0.05383810773,NaN,NaN,0
0.02419820242,0.001968274824,NaN,NaN,0
0.02419820242,0.003820769023,-0.2036801875,0.0002467622689,1
0.02419820242,0.005673262756,-0.2015307248,7.536606427e-05,1
0.02419820242,0.007525756955,-0.1980722994,0.0008028491866,1
0.02419820242,0.009378250688,-0.1937399805,0.003948819824,1
0.02419820242,0.01123074535,-0.188860029,0.00790861994,1
0.02419820242,0.01308323909,-0.1831726432,0.00867697224,1
0.02419820242,0.01493573282,-0.1761908233,0.006336200517,1
0.02419820242,0.01678822748,-0.1707125604,0.0002694045252,1
0.02419820242,0.01864072122,-0.1713138968,-0.008485327475,1
0.02419820242,0.02049321495,-0.1744132787,-0.01946269162,1
0.02419820242,0.02234570868,-0.1768465042,-0.02693131007,1
0.02419820242,0.02419820242,-0.1816282868,-0.02860444412,1
0.02419820242,0.02605069801,-0.1900566816,-0.02527464926,1
0.02419820242,0.02790319175,-0.1972367316,-0.01650554314,1
0.02419820242,0.02975568548,-0.2022058815,-0.009569770657,1
0.02419820242,0.03160817921,-0.2017819136,-0.006330060773,1
0.02419820242,0.03346067294,-0.1937778592,-0.007317434531,1
0.02419820242,0.03531316668,-0.183547169,-0.01018373016,1
0.02419820242,0.03716566041,-0.177255854,-0.01268304233,1
0.02419820242,0.03901815414,-0.1754171252,-0.01561221574,1
0.02419820242,0.04087064788,-0.1743896306,-0.01690479182,1
0.02419820242,0.04272314161,-0.1745829284,-0.01427819021,1
0.02419820242,0.04457563907,-0.174406454,-0.01104075462,1
0.02419820242,0.0464281328,-0.1573331952,-0.007442039438,1
0.02419820242,0.04828062654,-0.09281687438,-0.004166867584,1
0.02419820242,0.05013312027,-0.01798758097,-0.002121402184,1
0.02419820242,0.051985614,NaN,NaN,0
0.02419820242,0.05383810773,NaN,NaN,0
0.02605069801,0.001968274824,NaN,NaN,0
0.02605069801,0.003820769023,-0.2079375833,-0.001621833886,1
0.02605069801,0.005673262756,-0.2047030777,-0.00289643323,1
0.02605069801,0.007525756955,-0.1989106685,-0.002075516619,1
0.02605069801,0.009378250688,-0.1920409948,0.001512329909,1
0.02605069801,0.01123074535,-0.1860944927,0.004989458248,1
0.02605069801,0.01308323909,-0.1797676384,0.00653304439,1
0.02605069801,0.01493573282,-0.1727731526,0.005444291979,1
0.02605069801,0.01678822748,-0.1679810137,0.00185271306,1
0.02605069801,0.01864072122,-0.1660931259,-0.003938470036,1
0.02605069801,0.02049321495,-0.1677601635,-0.01311976183,1
0.02605069801,0.02234570868,-0.1718012244,-0.01696989313,1
0.02605069801,0.02419820242,-0.1805597246,-0.01648204215,1
0.02605069801,0.02605069801,-0.1953128427,-0.01464162581,1
0.02605069801,0.02790319175,-0.2047804892,-0.009128893726,1
0.02605069801,0.02975568548,-0.2060513496,-0.005210496951,1
0.02605069801,0.03160817921,-0.2013651133,-0.004819334019,1
0.02605069801,0.03346067294,-0.1904750615,-0.007054387592,1
0.02605069801,0.03531316668,-0.1792075634,-0.00877047237,1
0.02605069801,0.03716566041,-0.1730526239,-0.008363747969,1
0.02605069801,0.03901815414,-0.1726082563,-0.01040632837,1
0.02605069801,0.04087064788,-0.1746444255,-0.01221519616,1
0.02605069801,0.04272314161,-0.1762544066,-0.01019829325,1
0.02605069801,0.04457563907,-0.17715922,-0.009021636099,1
0.02605069801,0.0464281328,-0.1652789712,-0.007104767021,1
0.02605069801,0.04828062654,-0.1160608232,-0.003753064899,1
0.02605069801,0.05013312027,-0.04396303371,-0.001724198111,1
0.02605069801,0.051985614,NaN,NaN,0
0.02605069801,0.05383810773,NaN,NaN,0
0.02790319175,0.001968274824,NaN,NaN,0
0.02790319175,0.003820769023,-0.2096787095,-0.004659259692,1
0.02790319175,0.005673262756,-0.205565393,-0.007204127964,1
0.02790319175,0.007525756955,-0.1975774765,-0.006594158709,1
0.02790319175,0.009378250688,-0.1881849766,-0.003287283937,1
0.02790319175,0.01123074535,-0.1812964976,-0.001195573597,1
0.02790319175,0.01308323909,-0.1754407585,7.752183592e-05,1
0.02790319175,0.01493573282,-0.1691290885,-0.0005002056714,1
0.02790319175,0.01678822748,-0.1631549746,-0.002586968476,1
0.02790319175,0.01864072122,-0.1617078334,-0.002713753609,1
0.02790319175,0.02049321495,-0.1671901196,-0.0001280873985,1
0.02790319175,0.02234570868,-0.1739884764,0.003313223366,1
0.02790319175,0.02419820242,-0.1828591526,0.005125102587,1
0.02790319175,0.02605069801,-0.1965672374,0.001135192229,1
0.02790319175,0.02790319175,-0.205181554,-0.001256215619,1
0.02790319175,0.02975568548,-0.2061445266,-0.00259450241,1
0.02790319175,0.03160817921,-0.200667128,-0.005612071604,1
0.02790319175,0.03346067294,-0.1895373613,-0.009289498441,1
0.02790319175,0.03531316668,-0.1783848852,-0.01057242882,1
0.02790319175,0.03716566041,-0.1711898297,-0.009414173663,1
0.02790319175,0.03901815414,-0.1694742441,-0.01001583971,1
0.02790319175,0.04087064788,-0.1723929048,-0.01023426559,1
0.02790319175,0.04272314161,-0.1758909822,-0.008487364277,1
0.02790319175,0.04457563907,-0.1778490543,-0.008887454867,1
0.02790319175,0.0464281328,-0.170932278,-0.007536449004,1
0.02790319175,0.04828062654,-0.1437622756,-0.004263643641,1
0.02790319175,0.05013312027,-0.1235469431,-0.002755554393,1
0.02790319175,0.051985614,NaN,NaN,0
0.02790319175,0.05383810773,NaN,NaN,0
0.02975568548,0.001968274824,NaN,NaN,0
0.02975568548,0.003820769023,-0.2093843818,-0.007119097281,1
0.02975568548,0.005673262756,-0.2060764283,-0.01120478101,1
0.02975568548,0.007525756955,-0.1972215474,-0.01078164298,1
0.02975568548,0.009378250688,-0.186401993,-0.007959691808,1
0.02975568548,0.01123074535,-0.1796488315,-0.006533094216,1
0.02975568548,0.01308323909,-0.1739777625,-0.004161095247,1
0.02975568548,0.01493573282,-0.1675742567,-0.004501156509,1
0.02975568548,0.01678822748,-0.1581395864,-0.006521885283,1
0.02975568548,0.01864072122,-0.1584643126,-0.00277956319,1
0.02975568548,0.02049321495,-0.1698411256,0.007874380797,1
0.02975568548,0.02234570868,-0.1794135571,0.01541934721,1
0.02975568548,0.02419820242,-0.1864980906,0.01682534069,1
0.02975568548,0.02605069801,-0.1943218559,0.00961039681,1
0.02975568548,0.02790319175,-0.200161323,0.001399816712,1
0.02975568548,0.02975568548,-0.2017076612,-0.003548945067,1
0.02975568548,0.03160817921,-0.1977370828,-0.008600681089,1
0.02975568548,0.03346067294,-0.1884536594,-0.01308275573,1
0.02975568548,0.03531316668,-0.1795634776,-0.01476703398,1
0.02975568548,0.03716566041,-0.1737601906,-0.01476551313,1
0.02975568548,0.03901815414,-0.1702947915,-0.01362660807,1
0.02975568548,0.04087064788,-0.1718018204,-0.01183210406,1
0.02975568548,0.04272314161,-0.1750944108,-0.009526256472,1
0.02975568548,0.04457563907,-0.1764495373,-0.01028163545,1
0.02975568548,0.0464281328,-0.1734151244,-0.009645344689,1
0.02975568548,0.04828062654,-0.1629847437,-0.005697114393,1
0.02975568548,0.05013312027,-0.1460891217,-0.004011396319,2
0.02975568548,0.051985614,NaN,NaN,0
0.02975568548,0.05383810773,NaN,NaN,0
0.03160817921,0.001968274824,NaN,NaN,0
0.03160817921,0.003820769023,-0.2074808776,-0.007448497694,1
0.03160817921,0.005673262756,-0.2071740478,-0.01298569981,1
0.03160817921,0.007525756955,-0.1988621652,-0.01320302766,1
0.03160817921,0.009378250688,-0.1866488159,-0.01010367461,1
0.03160817921,0.01123074535,-0.1800705642,-0.0080669038,1
0.03160817921,0.01308323909,-0.1737158448,-0.004836028442,1
0.03160817921,0.01493573282,-0.1659374535,-0.004762751982,1
0.03160817921,0.01678822748,-0.1561448425,-0.007233600598,1
0.03160817921,0.01864072122,-0.1589672267,-0.002630942734,1
0.03160817921,0.02049321495,-0.1748399287,0.009404176846,1
0.03160817921,0.02234570868,-0.1853918731,0.01499830559,1
0.03160817921,0.02419820242,-0.1888893098,0.01295776479,1
0.03160817921,0.02605069801,-0.1921638548,0.004940529354,1
0.03160817921,0.02790319175,-0.1954818964,-0.00353983487,1
0.03160817921,0.02975568548,-0.1958506852,-0.008850291371,1
0.03160817921,0.03160817921,-0.1920000315,-0.01490102615,1
0.03160817921,0.03346067294,-0.1844793111,-0.01997359097,1
0.03160817921,0.03531316668,-0.1789533645,-0.02025786787,1
0.03160817921,0.03716566041,-0.1771906018,-0.01643751189,1
0.03160817921,0.03901815414,-0.1751170158,-0.01318675466,1
0.03160817921,0.04087064788,-0.1753053665,-0.01096824557,1
0.03160817921,0.04272314161,-0.1763425618,-0.0092608165,1
0.03160817921,0.04457563907,-0.1745437086,-0.01079574786,1
0.03160817921,0.0464281328,-0.1690319926,-0.011077106,1
0.03160817921,0.04828062654,-0.1596470326,-0.007274067961,1
0.03160817921,0.05013312027,-0.1448359191,-0.005053882487,2
0.03160817921,0.051985614,NaN,NaN,0
0.03160817921,0.05383810773,NaN,NaN,0
0.03346067294,0.001968274824,NaN,NaN,0
0.03346067294,0.003820769023,-0.2048151195,-0.003978038207,1
0.03346067294,0.005673262756,-0.2070211619,-0.00937485788,1
0.03346067294,0.007525756955,-0.2001650035,-0.01099571306,1
0.03346067294,0.009378250688,-0.187976703,-0.009260997176,1
0.03346067294,0.01123074535,-0.1808564365,-0.007857359014,1
0.03346067294,0.01308323909,-0.1752218008,-0.004949120805,1
0.03346067294,0.01493573282,-0.1669706851,-0.003576992778,1
0.03346067294,0.01678822748,-0.1592875719,-0.004323680885,1
0.03346067294,0.01864072122,-0.1649980545,-0.0006177600008,1
0.03346067294,0.02049321495,-0.1806763262,0.00805064477,1
0.03346067294,0.02234570868,-0.1890543252,0.009871489368,1
0.03346067294,0.02419820242,-0.1894550025,0.004544440657,1
0.03346067294,0.02605069801,-0.1890999824,-0.001978683285,1
0.03346067294,0.02790319175,-0.189549908,-0.008229423314,1
0.03346067294,0.02975568548,-0.1876904368,-0.01466296799,1
0.03346067294,0.03160817921,-0.1839361191,-0.02159145474,1
0.03346067294,0.03346067294,-0.1804715097,-0.02517204918,1
0.03346067294,0.03531316668,-0.1799613833,-0.02231368795,1
0.03346067294,0.03716566041,-0.1828976274,-0.01360730268,1
0.03346067294,0.03901815414,-0.1825528592,-0.009285207838,1
0.03346067294,0.04087064788,-0.1808715165,-0.007552266587,1
0.03346067294,0.04272314161,-0.1787906438,-0.006502269302,1
0.03346067294,0.04457563907,-0.1736531258,-0.008659672923,1
0.03346067294,0.0464281328,-0.1661714613,-0.009685986675,1
0.03346067294,0.04828062654,-0.1561819315,-0.006933019497,1
0.03346067294,0.05013312027,-0.1404628903,-0.005001174752,2
0.03346067294,0.051985614,NaN,NaN,0
0.03346067294,0.05383810773,NaN,NaN,0
0.03531316668,0.001968274824,NaN,NaN,0
0.03531316668,0.003820769023,-0.2013407648,-0.002052283846,1
0.03531316668,0.005673262756,-0.2019933015,-0.005781632848,1
0.03531316668,0.007525756955,-0.1978010833,-0.00706529431,1
0.03531316668,0.009378250688,-0.1901191622,-0.007186742499,1
0.03531316668,0.01123074535,-0.1839486212,-0.007116210181,1
0.03531316668,0.01308323909,-0.1791838855,-0.005278983619,1
0.03531316668,0.01493573282,-0.1731511503,-0.003734216793,1
0.03531316668,0.01678822748,-0.1683387309,-0.00254833512,1
0.03531316668,0.01864072122,-0.1733510494,0.0002915496007,1
0.03531316668,0.02049321495,-0.1836448163,0.004419328179,1
0.03531316668,0.02234570868,-0.188626945,0.003456576029,1
0.03531316668,0.02419820242,-0.1887890995,-0.001508025452,1
0.03531316668,0.02605069801,-0.1853353828,-0.006018871441,1
0.03531316668,0.02790319175,-0.1818989366,-0.01015980449,1
0.03531316668,0.02975568548,-0.1789121181,-0.01569534093,1
0.03531316668,0.03160817921,-0.1779225022,-0.021598069,1
0.03531316668,0.03346067294,-0.1819625348,-0.0230037719,1
0.03531316668,0.03531316668,-0.1871973872,-0.0183041878,1
0.03531316668,0.03716566041,-0.1917368174,-0.01001372561,1
0.03531316668,0.03901815414,-0.1896106005,-0.007200777996,1
0.03531316668,0.04087064788,-0.1836453527,-0.006958439946,1
0.03531316668,0.04272314161,-0.178218618,-0.006318458822,1
0.03531316668,0.04457563907,-0.1720960289,-0.007849028334,1
0.03531316668,0.0464281328,-0.1655050665,-0.00815162994,1
0.03531316668,0.04828062654,-0.1555978507,-0.004943024367,1
0.03531316668,0.05013312027,-0.1344679594,-0.00384029909,2
0.03531316668,0.051985614,NaN,NaN,0
0.03531316668,0.05383810773,NaN,NaN,0
0.03716566041,0.001968274824,NaN,NaN,0
0.03716566041,0.003820769023,-0.1980863065,-0.00102353422,1
0.03716566041,0.005673262756,-0.1976680756,-0.003446585266,1
0.03716566041,0.007525756955,-0.1956163049,-0.003659728449,1
0.03716566041,0.009378250688,-0.1913555115,-0.004209791776,1
0.03716566041,0.01123074535,-0.1864563823,-0.005199950188,1
0.03716566041,0.01308323909,-0.181674704,-0.005542501342,1
0.03716566041,0.01493573282,-0.1782441586,-0.006084079854,1
0.03716566041,0.01678822748,-0.1746096462,-0.007346683182,1
0.03716566041,0.01864072122,-0.1764564067,-0.005586938001,1
0.03716566041,0.02049321495,-0.1826063842,-0.002113580937,1
0.03716566041,0.02234570868,-0.1866664439,-0.004043839406,1
0.03716566041,0.02419820242,-0.1873887628,-0.006524401251,1
0.03716566041,0.02605069801,-0.1819418222,-0.007511608303,1
0.03716566041,0.02790319175,-0.1776075214,-0.008653194644,1
0.03716566041,0.02975568548,-0.1772361249,-0.00998227112,1
0.03716566041,0.03160817921,-0.1822094023,-0.01202524267,1
0.03716566041,0.03346067294,-0.1905764937,-0.01250461023,1
0.03716566041,0.03531316668,-0.197344318,-0.009967309423,1
0.03716566041,0.03716566041,-0.1990283281,-0.007439947221,1
0.03716566041,0.03901815414,-0.1927714646,-0.00781376753,1
0.03716566041,0.04087064788,-0.1819138527,-0.009602987207,1
0.03716566041,0.04272314161,-0.1738814712,-0.009597272612,1
0.03716566041,0.04457563907,-0.1679902226,-0.008590556681,1
0.03716566041,0.0464281328,-0.1627163887,-0.0073218178,1
0.03716566041,0.04828062654,-0.1519535631,-0.003204411594,1
0.03716566041,0.05013312027,-0.1201852262,-0.00272747525,2
0.03716566041,0.051985614,NaN,NaN,0
0.03716566041,0.05383810773,NaN,NaN,0
0.03901815414,0.001968274824,NaN,NaN,0
0.03901815414,0.003820769023,-0.1975937933,0.001537874225,1
0.03901815414,0.005673262756,-0.1972504109,0.000761895848,1
0.03901815414,0.007525756955,-0.1946867853,0.0005298990873,1
0.03901815414,0.009378250688,-0.1906407923,-0.001120041474,1
0.03901815414,0.01123074535,-0.186898917,-0.003071127459,1
0.03901815414,0.01308323909,-0.181548357,-0.004357817117,1
0.03901815414,0.01493573282,-0.1769308895,-0.006811388768,1
0.03901815414,0.01678822748,-0.17267102,-0.01036715228,1
0.03901815414,0.01864072122,-0.1727373749,-0.01129739173,1
0.03901815414,0.02049321495,-0.1789630055,-0.01043978985,1
0.03901815414,0.02234570868,-0.1856819391,-0.01382505801,1
0.03901815414,0.02419820242,-0.1869985908,-0.01414623391,1
0.03901815414,0.02605069801,-0.1829363555,-0.01106823888,1
0.03901815414,0.02790319175,-0.1803254187,-0.006952432916,1
0.03901815414,0.02975568548,-0.1823956221,-0.003496992635,1
0.03901815414,0.03160817921,-0.1898113042,-0.003546828404,1
0.03901815414,0.03346067294,-0.1970198601,-0.004633611068,1
0.03901815414,0.03531316668,-0.2012492716,-0.004562834278,1
0.03901815414,0.03716566041,-0.1999411434,-0.005482431035,1
0.03901815414,0.03901815414,-0.1925951689,-0.00718416227,1
0.03901815414,0.04087064788,-0.182318002,-0.009390102699,1
0.03901815414,0.04272314161,-0.1716963351,-0.0099953264,1
0.03901815414,0.04457563907,-0.162610516,-0.007134586573,1
0.03901815414,0.0464281328,-0.1550285965,-0.00546081271,1
0.03901815414,0.04828062654,-0.133579582,-0.003045104444,2
0.03901815414,0.05013312027,-0.08690148592,-0.00259065046,2
0.03901815414,0.051985614,NaN,NaN,0
0.03901815414,0.05383810773,NaN,NaN,0
0.04087064788,0.001968274824,NaN,NaN,0
0.04087064788,0.003820769023,-0.1988834143,0.003155978164,1
0.04087064788,0.005673262756,-0.1983157247,0.004261962138,1
0.04087064788,0.007525756955,-0.1948944479,0.004472845234,1
0.04087064788,0.009378250688,-0.1898922622,0.0029300116,1
0.04087064788,0.01123074535,-0.1855730414,0.0007147568977,1
0.04087064788,0.01308323909,-0.1794611812,-0.001038366929,1
0.04087064788,0.01493573282,-0.1723611951,-0.003877363633,1
0.04087064788,0.01678822748,-0.1666812897,-0.007801476866,1
0.04087064788,0.01864072122,-0.1666102111,-0.01121686213,1
0.04087064788,0.02049321495,-0.1741161793,-0.01459365617,1
0.04087064788,0.02234570868,-0.1843049377,-0.01869598217,1
0.04087064788,0.02419820242,-0.1877473891,-0.01750822365,1
0.04087064788,0.02605069801,-0.1866554171,-0.0136069404,1
0.04087064788,0.02790319175,-0.1857702434,-0.007839668542,1
0.04087064788,0.02975568548,-0.1867502481,-0.002577223582,1
0.04087064788,0.03160817921,-0.190254733,-0.002537472639,1
0.04087064788,0.03346067294,-0.1923888624,-0.004127922468,1
0.04087064788,0.03531316668,-0.1950957179,-0.003970228601,1
0.04087064788,0.03716566041,-0.196928516,-0.003622973571,1
0.04087064788,0.03901815414,-0.1931445003,-0.003996358253,1
0.04087064788,0.04087064788,-0.1836671382,-0.005219541956,1
0.04087064788,0.04272314161,-0.1707642674,-0.006943579298,1
0.04087064788,0.04457563907,-0.1595785022,-0.005190741736,1
0.04087064788,0.0464281328,-0.1490994394,-0.003369985148,1
0.04087064788,0.04828062654,-0.1191925332,-0.001962378621,1
0.04087064788,0.05013312027,-0.0438862592,-0.001918018213,1
0.04087064788,0.051985614,NaN,NaN,0
0.04087064788,0.05383810773,NaN,NaN,0
0.04272314161,0.001968274824,NaN,NaN,0
0.04272314161,0.003820769023,-0.2014761418,0.003233261872,1
0.04272314161,0.005673262756,-0.1995196342,0.005089843646,1
0.04272314161,0.007525756955,-0.1956129968,0.006838276517,1
0.04272314161,0.009378250688,-0.1901524067,0.00736694131,1
0.04272314161,0.01123074535,-0.1841429472,0.006026785355,1
0.04272314161,0.01308323909,-0.176705882,0.004364786204,1
0.04272314161,0.01493573282,-0.1681832671,0.001103988499,1
0.04272314161,0.01678822748,-0.1610943228,-0.005715448875,1
0.04272314161,0.01864072122,-0.160783276,-0.01368516218,1
0.04272314161,0.02049321495,-0.1707749665,-0.01931120455,1
0.04272314161,0.02234570868,-0.1862556636,-0.02047448233,1
0.04272314161,0.02419820242,-0.1891884655,-0.01916174404,1
0.04272314161,0.02605069801,-0.1876036078,-0.01616057754,1
0.04272314161,0.02790319175,-0.1874755621,-0.01154919062,1
0.04272314161,0.02975568548,-0.1863042265,-0.006488387007,1
0.04272314161,0.03160817921,-0.1843395382,-0.00472309161,1
0.04272314161,0.03346067294,-0.1832265407,-0.004827737343,1
0.04272314161,0.03531316668,-0.1860748976,-0.003969514742,1
0.04272314161,0.03716566041,-0.1907102317,-0.002121640369,1
0.04272314161,0.03901815414,-0.1897103041,-0.0007513374439,1
0.04272314161,0.04087064788,-0.1803123504,0.0004151716712,1
0.04272314161,0.04272314161,-0.1683478951,-0.0001646888268,1
0.04272314161,0.04457563907,-0.1578347236,-0.0009607139509,1
0.04272314161,0.0464281328,-0.1442120373,-6.681794184e-05,1
0.04272314161,0.04828062654,-0.1024434716,0.001019875635,1
0.04272314161,0.05013312027,-0.02902307361,0.0004689983034,1
0.04272314161,0.051985614,NaN,NaN,0
0.04272314161,0.05383810773,NaN,NaN,0
0.04457563907,0.001968274824,NaN,NaN,0
0.04457563907,0.003820769023,-0.2047360688,0.0002141983277,1
0.04457563907,0.005673262756,-0.202301845,0.001455098274,1
0.04457563907,0.007525756955,-0.1983285695,0.004597290419,1
0.04457563907,0.009378250688,-0.1921174377,0.008128451183,1
0.04457563907,0.01123074535,-0.1836409122,0.01102783252,1
0.04457563907,0.01308323909,-0.1731740981,0.009040245786,1
0.04457563907,0.01493573282,-0.1634101272,0.004764256068,1
0.04457563907,0.01678822748,-0.1555175483,-0.004181712866,1
0.04457563907,0.01864072122,-0.1561118364,-0.01437194832,1
0.04457563907,0.02049321495,-0.1692373008,-0.02209419943,1
0.04457563907,0.02234570868,-0.1870200038,-0.0246413406,1
0.04457563907,0.02419820242,-0.1888180971,-0.02576977387,1
0.04457563907,0.02605069801,-0.1847180128,-0.02306180075,1
0.04457563907,0.02790319175,-0.1842123717,-0.01827019826,1
0.04457563907,0.02975568548,-0.18261078,-0.01159175392,1
0.04457563907,0.03160817921,-0.1780053079,-0.006823929958,1
0.04457563907,0.03346067294,-0.1768475622,-0.006364564877,1
0.04457563907,0.03531316668,-0.1813143045,-0.006550198421,1
0.04457563907,0.03716566041,-0.1866289675,-0.004615861457,1
0.04457563907,0.03901815414,-0.1846819818,-0.001161052729,1
0.04457563907,0.04087064788,-0.1742105782,0.002200985793,1
0.04457563907,0.04272314161,-0.1634276658,0.002156071132,1
0.04457563907,0.04457563907,-0.1538558304,0.001906350721,1
0.04457563907,0.0464281328,-0.129338637,0.002964767395,1
0.04457563907,0.04828062654,-0.04923440143,0.001790235867,1
0.04457563907,0.05013312027,-0.01239237376,0.0006397154648,1
0.04457563907,0.051985614,NaN,NaN,0
0.04457563907,0.05383810773,NaN,NaN,0
0.0464281328,0.001968274824,NaN,NaN,0
0.0464281328,0.003820769023,-0.2053506821,-0.007666476071,1
0.0464281328,0.005673262756,-0.2050165832,-0.007795175537,1
0.0464281328,0.007525756955,-0.2031562775,-0.003119514091,1
0.0464281328,0.009378250688,-0.1955684274,0.00322438241,1
0.0464281328,0.01123074535,-0.1842818558,0.008939046413,1
0.0464281328,0.01308323909,-0.1702170372,0.006792092696,1
0.0464281328,0.01493573282,-0.1582566202,0.003332466353,1
0.0464281328,0.01678822748,-0.1513397098,-0.003257182892,1
0.0464281328,0.01864072122,-0.1542660743,-0.0107187992,1
0.0464281328,0.02049321495,-0.169167161,-0.01790925674,1
0.0464281328,0.02234570868,-0.1871210784,-0.02479397133,1
0.0464281328,0.02419820242,-0.1910272539,-0.0277485922,1
0.0464281328,0.02605069801,-0.18781811,-0.02469163015,1
0.0464281328,0.02790319175,-0.1867405474,-0.01968486421,1
0.0464281328,0.02975568548,-0.1846884489,-0.01428322215,1
0.0464281328,0.03160817921,-0.1789840162,-0.01163316052,1
0.0464281328,0.03346067294,-0.1761305928,-0.01277353056,1
0.0464281328,0.03531316668,-0.1803483665,-0.01512775477,1
0.0464281328,0.03716566041,-0.1824905872,-0.01462005451,1
0.0464281328,0.03901815414,-0.1773830205,-0.01081912778,1
0.0464281328,0.04087064788,-0.1673070639,-0.006311428733,1
0.0464281328,0.04272314161,-0.1588369161,-0.004510584753,1
0.0464281328,0.04457563907,-0.1517186165,-0.001632481813,1
0.0464281328,0.0464281328,-0.1241454929,0.001451040735,1
0.0464281328,0.04828062654,-0.03038678318,0.0003506783687,1
0.0464281328,0.05013312027,-0.005125318654,-0.0007863408537,1
0.0464281328,0.051985614,NaN,NaN,0
0.0464281328,0.05383810773,NaN,NaN,0
0.04828062654,0.001968274824,NaN,NaN,0
0.04828062654,0.003820769023,-0.2037856579,-0.01496192627,1
0.04828062654,0.005673262756,-0.2054518759,-0.01591569744,1
0.04828062654,0.007525756955,-0.2055903673,-0.01310984511,1
0.04828062654,0.009378250688,-0.1982564628,-0.008146445267,1
0.04828062654,0.01123074535,-0.1852971017,-0.003329785774,1
0.04828062654,0.01308323909,-0.1683588028,-0.005376046989,1
0.04828062654,0.01493573282,-0.1547878236,-0.006690273061,1
0.04828062654,0.01678822748,-0.1497821063,-0.007517943624,1
0.04828062654,0.01864072122,-0.1542856097,-0.008170509711,1
0.04828062654,0.02049321495,-0.1688974053,-0.01015322097,1
0.04828062654,0.02234570868,-0.1866563857,-0.01500204764,1
0.04828062654,0.02419820242,-0.194554925,-0.01827352308,1
0.04828062654,0.02605069801,-0.1951536983,-0.01695533842,1
0.04828062654,0.02790319175,-0.193191126,-0.01507053617,1
0.04828062654,0.02975568548,-0.1911699474,-0.01567365043,1
0.04828062654,0.03160817921,-0.1862965822,-0.01909898035,1
0.04828062654,0.03346067294,-0.1785998344,-0.02243229002,1
0.04828062654,0.03531316668,-0.1778679639,-0.02624699846,1
0.04828062654,0.03716566041,-0.1762477607,-0.02733926848,1
0.04828062654,0.03901815414,-0.168608278,-0.02481651679,1
0.04828062654,0.04087064788,-0.1594277471,-0.02002739161,1
0.04828062654,0.04272314161,-0.1557047814,-0.01535835024,1
0.04828062654,0.04457563907,-0.1496250629,-0.009525110014,1
0.04828062654,0.0464281328,-0.1192548499,-0.00385336671,1
0.04828062654,0.04828062654,-0.02608729154,-0.001733524026,1
0.04828062654,0.05013312027,-0.00483034132,-0.001580326702,2
0.04828062654,0.051985614,NaN,NaN,0
0.04828062654,0.05383810773,NaN,NaN,0
0.05013312027,0.001968274824,NaN,NaN,0
0.05013312027,0.003820769023,-0.2021989673,-0.01418349799,1
0.05013312027,0.005673262756,-0.2044720352,-0.0172044225,1
0.05013312027,0.007525756955,-0.2053473443,-0.01999258623,1
0.05013312027,0.009378250688,-0.1993725002,-0.02186880447,1
0.05013312027,0.01123074535,-0.1867423207,-0.02142423205,1
0.05013312027,0.01308323909,-0.1700733006,-0.02062497474,1
0.05013312027,0.01493573282,-0.1574788988,-0.01685140468,1
0.05013312027,0.01678822748,-0.1531804651,-0.01114096493,1
0.05013312027,0.01864072122,-0.1568783373,-0.005342925899,1
0.05013312027,0.02049321495,-0.1691764146,-0.001409041579,1
0.05013312027,0.02234570868,-0.1861400008,-0.002002501162,1
0.05013312027,0.02419820242,-0.1953923851,-0.005511429161,1
0.05013312027,0.02605069801,-0.1957245171,-0.008789599873,1
0.05013312027,0.02790319175,-0.1947606355,-0.01067886781,1
0.05013312027,0.02975568548,-0.1964819729,-0.01389318053,1
0.05013312027,0.03160817921,-0.1919306219,-0.02094359323,1
0.05013312027,0.03346067294,-0.1799335629,-0.02747699246,1
0.05013312027,0.03531316668,-0.1742207706,-0.03258280084,1
0.05013312027,0.03716566041,-0.1712997407,-0.03436306119,1
0.05013312027,0.03901815414,-0.1651779562,-0.03252865747,1
0.05013312027,0.04087064788,-0.1576685011,-0.02846741304,1
0.05013312027,0.04272314161,-0.153438285,-0.02284991182,1
0.05013312027,0.04457563907,-0.1437823027,-0.01637084782,1
0.05013312027,0.0464281328,-0.1083125919,-0.0106180096,1
0.05013312027,0.04828062654,-0.02174519189,-0.004141838755,1
0.05013312027,0.05013312027,-0.00431032991,-0.002162286313,2
0.05013312027,0.051985614,NaN,NaN,0
0.05013312027,0.05383810773,NaN,NaN,0
0.051985614,0.001968274824,NaN,NaN,0
0.051985614,0.003820769023,-0.2006238401,-0.0118082324,1
0.051985614,0.005673262756,-0.2023828328,-0.015562566,1
0.051985614,0.007525756955,-0.2017291933,-0.02124731429,1
0.051985614,0.009378250688,-0.1959729195,-0.02853027172,1
0.051985614,0.01123074535,-0.1864428073,-0.03068726882,1
0.051985614,0.01308323909,-0.1735040694,-0.02723876573,1
0.051985614,0.01493573282,-0.1639334112,-0.0194213707,1
0.051985614,0.01678822748,-0.1606678367,-0.00921082031,1
0.051985614,0.01864072122,-0.1620453894,-0.0008541536517,1
0.051985614,0.02049321495,-0.1694914848,0.004735248163,1
0.051985614,0.02234570868,-0.1836586595,0.005069069099,1
0.051985614,0.02419820242,-0.1940310895,0.001083120354,1
0.051985614,0.02605069801,-0.1941592991,-0.00384835247,1
0.051985614,0.02790319175,-0.1949968338,-0.005691614002,1
0.051985614,0.02975568548,-0.200054884,-0.005950520746,1
0.051985614,0.03160817921,-0.1951154619,-0.01328629628,1
0.051985614,0.03346067294,-0.1805102825,-0.02325104363,1
0.051985614,0.03531316668,-0.1731256545,-0.03178785369,1
0.051985614,0.03716566041,-0.1702948362,-0.03480234742,1
0.051985614,0.03901815414,-0.1659974903,-0.0324629955,1
0.051985614,0.04087064788,-0.1594044566,-0.02894516289,1
0.051985614,0.04272314161,-0.1518320441,-0.02334809676,1
0.051985614,0.04457563907,-0.1391211003,-0.01728452183,1
0.051985614,0.0464281328,-0.1030822992,-0.01303984877,1
0.051985614,0.04828062654,-0.02157584392,-0.004697752185,1
0.051985614,0.05013312027,-0.004882795736,-0.002018486848,2
0.051985614,0.051985614,NaN,NaN,0
0.051985614,0.05383810773,NaN,NaN,0
0.05383810773,0.001968274824,NaN,NaN,0
0.05383810773,0.003820769023,-0.1998389661,-0.01062178519,1
0.05383810773,0.005673262756,-0.2006418705,-0.01280569565,1
0.05383810773,0.007525756955,-0.1983146518,-0.01807004958,1
0.05383810773,0.009378250688,-0.1929879934,-0.02565276437,1
0.05383810773,0.01123074535,-0.1868630201,-0.02713217027,1
0.05383810773,0.01308323909,-0.1797780544,-0.02136463113,1
0.05383810773,0.01493573282,-0.1735957563,-0.01263475977,1
0.05383810773,0.01678822748,-0.1694910675,-0.002711700508,1
0.05383810773,0.01864072122,-0.1675483733,0.004067882895,1
0.05383810773,0.02049321495,-0.1703871489,0.00771491928,1
0.05383810773,0.02234570868,-0.1806273758,0.007269686088,1
0.05383810773,0.02419820242,-0.1908784956,0.003587397514,1
0.05383810773,0.02605069801,-0.1934477687,0.0001983551338,1
0.05383810773,0.02790319175,-0.1960809827,0.0001124700138,1
0.05383810773,0.02975568548,-0.2003652453,0.001378495712,1
0.05383810773,0.03160817921,-0.1952176988,-0.005368892103,1
0.05383810773,0.03346067294,-0.1824014038,-0.01555314474,1
0.05383810773,0.03531316668,-0.1748767495,-0.02546892501,1
0.05383810773,0.03716566041,-0.1725124717,-0.0295976419,1
0.05383810773,0.03901815414,-0.1693328768,-0.02742576227,1
0.05383810773,0.04087064788,-0.16220963,-0.02453495562,1
0.05383810773,0.04272314161,-0.1525095999,-0.02077899873,1
0.05383810773,0.04457563907,-0.1375661343,-0.01644537039,1
0.05383810773,0.0464281328,-0.1003164575,-0.01277181506,1
0.05383810773,0.04828062654,-0.02119725756,-0.004612792283,1
0.05383810773,0.05013312027,-0.004950662144,-0.0017778154,1
0.05383810773,0.051985614,NaN,NaN,0
0.05383810773,0.05383810773,NaN,NaN,0
0.05569060147,0.001968274824,NaN,NaN,0
0.05569060147,0.003820769023,-0.199421972,-0.007545543369,1
0.05569060147,0.005673262756,-0.1992050558,-0.009544828907,1
0.05569060147,0.007525756955,-0.19670178,-0.01354645751,1
0.05569060147,0.009378250688,-0.1929643601,-0.0178484451,1
0.05569060147,0.01123074535,-0.1902605593,-0.0176049117,1
0.05569060147,0.01308323909,-0.1887768209,-0.01176001225,1
0.05569060147,0.01493573282,-0.1860264391,-0.003394338535,1
0.05569060147,0.01678822748,-0.1790110171,0.004530700855,1
0.05569060147,0.01864072122,-0.172530368,0.008771325462,1
0.05569060147,0.02049321495,-0.1713235378,0.01010661758,1
0.05569060147,0.02234570868,-0.1769815385,0.008509814739,1
0.05569060147,0.02419820242,-0.1868406087,0.004492920358,1
0.05569060147,0.02605069801,-0.1924669892,0.001949020545,1
0.05569060147,0.02790319175,-0.1951260716,0.001345331082,1
0.05569060147,0.02975568548,-0.1968743503,0.000685853418,1
0.05569060147,0.03160817921,-0.1922147721,-0.005365652032,1
0.05569060147,0.03346067294,-0.1823288351,-0.01289526839,1
0.05569060147,0.03531316668,-0.175088793,-0.01955410652,1
0.05569060147,0.03716566041,-0.1736705899,-0.02247984894,1
0.05569060147,0.03901815414,-0.1727749109,-0.02025775239,1
0.05569060147,0.04087064788,-0.1667735279,-0.01670954935,1
0.05569060147,0.04272314161,-0.1550549418,-0.01519955881,1
0.05569060147,0.04457563907,-0.1366664916,-0.0149919996,1
0.05569060147,0.0464281328,-0.1028818116,-0.01178596448,1
0.05569060147,0.04828062654,-0.03441596404,-0.005279752426,1
0.05569060147,0.05013312027,-0.008799027652,-0.002791399835,1
0.05569060147,0.051985614,NaN,NaN,0
0.05569060147,0.05383810773,NaN,NaN,0
0.0575430952,0.001968274824,NaN,NaN,0
0.0575430952,0.003820769023,-0.2002082169,-0.004430160392,1
0.0575430952,0.005673262756,-0.1992393583,-0.007137980778,1
0.0575430952,0.007525756955,-0.1975602657,-0.01034184918,1
0.0575430952,0.009378250688,-0.1959898919,-0.01152365282,1
0.0575430952,0.01123074535,-0.1958939135,-0.01076440699,1
0.0575430952,0.01308323909,-0.1969528049,-0.00609288644,1
0.0575430952,0.01493573282,-0.1955014616,0.001411788864,1
0.0575430952,0.01678822748,-0.1866354346,0.008160279132,1
0.0575430952,0.01864072122,-0.1754440963,0.01212126203,1
0.0575430952,0.02049321495,-0.1703464836,0.01285510417,1
0.0575430952,0.02234570868,-0.1733246744,0.009524694644,1
0.0575430952,0.02419820242,-0.1825106293,0.004219972994,1
0.0575430952,0.02605069801,-0.1896743476,8.915810758e-05,1
0.0575430952,0.02790319175,-0.1907285154,-0.003424266819,1
0.0575430952,0.02975568548,-0.1890704334,-0.008564946242,1
0.0575430952,0.03160817921,-0.1848291159,-0.01396056078,1
0.0575430952,0.03346067294,-0.178637743,-0.01769032888,1
0.0575430952,0.03531316668,-0.1736428887,-0.02119842172,1
0.0575430952,0.03716566041,-0.1733545214,-0.02198082954,1
0.0575430952,0.03901815414,-0.1750993282,-0.01765812747,1
0.0575430952,0.04087064788,-0.1727414727,-0.01061107963,1
0.0575430952,0.04272314161,-0.1614948213,-0.008483297192,1
0.0575430952,0.04457563907,-0.1401229054,-0.01007770933,1
0.0575430952,0.0464281328,-0.1117466465,-0.008465603925,1
0.0575430952,0.04828062654,-0.07612466812,-0.004305140115,1
0.0575430952,0.05013312027,-0.01948808134,-0.002333667362,1
0.0575430952,0.051985614,NaN,NaN,0
0.0575430952,0.05383810773,NaN,NaN,0
0.05939558893,0.001968274824,NaN,NaN,0
0.05939558893,0.003820769023,-0.2010713816,-0.004580407403,1
0.05939558893,0.005673262756,-0.2005705088,-0.005622881465,1
0.05939558893,0.007525756955,-0.1997112632,-0.006850629579,1
0.05939558893,0.009378250688,-0.199244678,-0.006621844601,1
0.05939558893,0.01123074535,-0.2007704675,-0.006155166309,1
0.05939558893,0.01308323909,-0.202222839,-0.002266148804,1
0.05939558893,0.01493573282,-0.200556159,0.004014896695,1
0.05939558893,0.01678822748,-0.1917393357,0.008704928681,1
0.05939558893,0.01864072122,-0.1785801351,0.01215662714,1
0.05939558893,0.02049321495,-0.1705925614,0.01298145391,1
0.05939558893,0.02234570868,-0.1710117459,0.009961537085,1
0.05939558893,0.02419820242,-0.1778872907,0.004430950619,1
0.05939558893,0.02605069801,-0.1854614913,-0.002891803626,1
0.05939558893,0.02790319175,-0.1859824657,-0.01013989653,1
0.05939558893,0.02975568548,-0.1835542172,-0.01749095879,1
0.05939558893,0.03160817921,-0.180253163,-0.02147946879,1
0.05939558893,0.03346067294,-0.1755532473,-0.0235053096,1
0.05939558893,0.03531316668,-0.1726816148,-0.02696494013,1
0.05939558893,0.03716566041,-0.1737585664,-0.02683419362,1
0.05939558893,0.03901815414,-0.178115204,-0.02015029825,1
0.05939558893,0.04087064788,-0.179176867,-0.01027024537,1
0.05939558893,0.04272314161,-0.1704448313,-0.005423110444,1
0.05939558893,0.04457563907,-0.1493832022,-0.005958095193,1
0.05939558893,0.0464281328,-0.1190027595,-0.005714614876,1
0.05939558893,0.04828062654,-0.08574968576,-0.003046858357,1
0.05939558893,0.05013312027,-0.01794292592,-0.001689614146,1
0.05939558893,0.051985614,NaN,NaN,0
0.05939558893,0.05383810773,NaN,NaN,0
0.06124808267,0.001968274824,NaN,NaN,0
0.06124808267,0.003820769023,-0.2010815889,-0.007630319335,1
0.06124808267,0.005673262756,-0.2027404308,-0.005341684446,1
0.06124808267,0.007525756955,-0.2020279318,-0.004108940717,1
0.06124808267,0.009378250688,-0.2015668303,-0.002911454299,1
0.06124808267,0.01123074535,-0.2037071735,-0.001879952266,1
0.06124808267,0.01308323909,-0.2047724128,0.001300461823,1
0.06124808267,0.01493573282,-0.2025197595,0.003864076221,1
0.06124808267,0.01678822748,-0.1942849904,0.005083141383,1
0.06124808267,0.01864072122,-0.1817162335,0.007683085278,1
0.06124808267,0.02049321495,-0.1726232767,0.008408451453,1
0.06124808267,0.02234570868,-0.1696181297,0.006748399232,1
0.06124808267,0.02419820242,-0.1729620546,0.001513159252,1
0.06124808267,0.02605069801,-0.1796056628,-0.008235134184,1
0.06124808267,0.02790319175,-0.1822725534,-0.01756398007,1
0.06124808267,0.02975568548,-0.1839356869,-0.02229975723,1
0.06124808267,0.03160817921,-0.1812972128,-0.02368012629,1
0.06124808267,0.03346067294,-0.173695147,-0.02610560879,1
0.06124808267,0.03531316668,-0.1717828959,-0.03181797639,1
0.06124808267,0.03716566041,-0.1751033664,-0.0312254969,1
0.06124808267,0.03901815414,-0.1812023968,-0.0234857332,1
0.06124808267,0.04087064788,-0.1822216511,-0.01328112558,1
0.06124808267,0.04272314161,-0.1746139973,-0.00698155025,1
0.06124808267,0.04457563907,-0.1563936919,-0.005743178073,1
0.06124808267,0.0464281328,-0.1278713495,-0.005375080276,1
0.06124808267,0.04828062654,-0.08743815869,-0.002902329201,1
0.06124808267,0.05013312027,-0.01192234177,-0.001959767193,1
0.06124808267,0.051985614,NaN,NaN,0
0.06124808267,0.05383810773,NaN,NaN,0
0.0631005764,0.001968274824,NaN,NaN,0
0.0631005764,0.003820769023,-0.2016950697,-0.009193144739,1
0.0631005764,0.005673262756,-0.2035800219,-0.005462250207,1
0.0631005764,0.007525756955,-0.2036586553,-0.003456427483,1
0.0631005764,0.009378250688,-0.2045992762,-0.002210587729,1
0.0631005764,0.01123074535,-0.2071632445,-0.0006598242908,1
0.0631005764,0.01308323909,-0.2072622627,0.0001772680989,1
0.0631005764,0.01493573282,-0.2030246258,-0.001846456318,1
0.0631005764,0.01678822748,-0.1935348362,-0.003521029139,1
0.0631005764,0.01864072122,-0.1825399697,-0.0004387199006,1
0.0631005764,0.02049321495,-0.1737189293,0.001210523071,1
0.0631005764,0.02234570868,-0.1676533073,-0.0007142843679,1
0.0631005764,0.02419820242,-0.168171972,-0.006762268487,1
0.0631005764,0.02605069801,-0.1742950082,-0.01663610153,1
0.0631005764,0.02790319175,-0.1820645332,-0.02212865278,1
0.0631005764,0.02975568548,-0.1896002442,-0.0215889737,1
0.0631005764,0.03160817921,-0.1852229536,-0.02139315382,1
0.0631005764,0.03346067294,-0.1725110859,-0.02616694756,1
0.0631005764,0.03531316668,-0.1711382568,-0.03255039081,1
0.0631005764,0.03716566041,-0.1763108522,-0.03199877217,1
0.0631005764,0.03901815414,-0.1809042394,-0.02551594749,1
0.0631005764,0.04087064788,-0.1779964268,-0.01696259901,1
0.0631005764,0.04272314161,-0.1696988642,-0.01056719013,1
0.0631005764,0.04457563907,-0.1564798355,-0.007287812419,1
0.0631005764,0.0464281328,-0.134826839,-0.00568391243,1
0.0631005764,0.04828062654,-0.09569144994,-0.002856452949,1
0.0631005764,0.05013312027,-0.01179964747,-0.001368220663,1
0.0631005764,0.051985614,NaN,NaN,0
0.0631005764,0.05383810773,NaN,NaN,0
0.06495307386,0.001968274824,NaN,NaN,0
0.06495307386,0.003820769023,-0.2036916167,-0.00933336094,1
0.06495307386,0.005673262756,-0.2040493786,-0.005839764141,1
0.06495307386,0.007525756955,-0.2048013806,-0.004137869924,1
0.06495307386,0.009378250688,-0.207763508,-0.003346784739,1
0.06495307386,0.01123074535,-0.2097887546,-0.002230087295,1
0.06495307386,0.01308323909,-0.2078461647,-0.003372691572,1
0.06495307386,0.01493573282,-0.2013014853,-0.007138470188,1
0.06495307386,0.01678822748,-0.1909151822,-0.008794737048,1
0.06495307386,0.01864072122,-0.1810998023,-0.005680047441,1
0.06495307386,0.02049321495,-0.1725609899,-0.004990851972,1
0.06495307386,0.02234570868,-0.1649758518,-0.009832471609,1
0.06495307386,0.02419820242,-0.1643289924,-0.01597916894,1
0.06495307386,0.02605069801,-0.1720154732,-0.02084850334,1
0.06495307386,0.02790319175,-0.1845989823,-0.0198609028,1
0.06495307386,0.02975568548,-0.1933133453,-0.01695493795,1
0.06495307386,0.03160817921,-0.1850005686,-0.01913827658,1
0.06495307386,0.03346067294,-0.1706149876,-0.02705797926,1
0.06495307386,0.03531316668,-0.1695366204,-0.03244704381,1
0.06495307386,0.03716566041,-0.1745850593,-0.03169829771,1
0.06495307386,0.03901815414,-0.1759272069,-0.02749360166,1
0.06495307386,0.04087064788,-0.1703506857,-0.02136629075,1
0.06495307386,0.04272314161,-0.1622332633,-0.01498903614,1
0.06495307386,0.04457563907,-0.1517770141,-0.01019893028,1
0.06495307386,0.0464281328,-0.1321924776,-0.007348131388,1
0.06495307386,0.04828062654,-0.09553897381,-0.003427845659,1
0.06495307386,0.05013312027,-0.01363757811,-0.0009305645945,1
0.06495307386,0.051985614,NaN,NaN,0
0.06495307386,0.05383810773,NaN,NaN,0
0.06680556387,0.001968274824,NaN,NaN,0
0.06680556387,0.003820769023,-0.2055933475,-0.008347284049,1
0.06680556387,0.005673262756,-0.2058230042,-0.005957554094,1
0.06680556387,0.007525756955,-0.2070574462,-0.004144826904,1
0.06680556387,0.009378250688,-0.2100441903,-0.003338503418,1
0.06680556387,0.01123074535,-0.2104716748,-0.002792290412,1
0.06680556387,0.01308323909,-0.2063349932,-0.00434553856,1
0.06680556387,0.01493573282,-0.1994002014,-0.008057534695,1
0.06680556387,0.01678822748,-0.1897607595,-0.00892655924,1
0.06680556387,0.01864072122,-0.1792508066,-0.00712892646,1
0.06680556387,0.02049321495,-0.1701099277,-0.008720090613,1
0.06680556387,0.02234570868,-0.1631118357,-0.01600849628,1
0.06680556387,0.02419820242,-0.1638858318,-0.0199611932,1
0.06680556387,0.02605069801,-0.1731027961,-0.0193285048,1
0.06680556387,0.02790319175,-0.1860552728,-0.01675968617,1
0.06680556387,0.02975568548,-0.1904815137,-0.01707259566,1
0.06680556387,0.03160817921,-0.1803078651,-0.02287635207,1
0.06680556387,0.03346067294,-0.1691221744,-0.02998709492,1
0.06680556387,0.03531316668,-0.1669193357,-0.03399114311,1
0.06680556387,0.03716566041,-0.1691900492,-0.03433613852,1
0.06680556387,0.03901815414,-0.1692434847,-0.03257339448,1
0.06680556387,0.04087064788,-0.1652071178,-0.02822206914,1
0.06680556387,0.04272314161,-0.1580966562,-0.02132497914,1
0.06680556387,0.04457563907,-0.1477444172,-0.01468254626,1
0.06680556387,0.0464281328,-0.124423556,-0.009996233508,1
0.06680556387,0.04828062654,-0.08035883307,-0.00408588117,1
0.06680556387,0.05013312027,-0.01264824066,-0.001143131754,1
0.06680556387,0.051985614,NaN,NaN,0
0.06680556387,0.05383810773,NaN,NaN,0
0.06865806133,0.001968274824,NaN,NaN,0
0.06865806133,0.003820769023,-0.2051839232,-0.006027654745,1
0.06865806133,0.005673262756,-0.2047078758,-0.005919204094,1
0.06865806133,0.007525756955,-0.2067195922,-0.004569860641,1
0.06865806133,0.009378250688,-0.2101655751,-0.003793767886,1
0.06865806133,0.01123074535,-0.2097153813,-0.0044805035,1
0.06865806133,0.01308323909,-0.2037799507,-0.006762010045,1
0.06865806133,0.01493573282,-0.1965343654,-0.009744916111,1
0.06865806133,0.01678822748,-0.1886895001,-0.01049784385,1
0.06865806133,0.01864072122,-0.1772172749,-0.01107382309,1
0.06865806133,0.02049321495,-0.1671067923,-0.01301827375,1
0.06865806133,0.02234570868,-0.1609539986,-0.01722277328,1
0.06865806133,0.02419820242,-0.1639651656,-0.01755515672,1
0.06865806133,0.02605069801,-0.1752164364,-0.01621559076,1
0.06865806133,0.02790319175,-0.1860608608,-0.01700261422,1
0.06865806133,0.02975568548,-0.1858287007,-0.02148129791,1
0.06865806133,0.03160817921,-0.176984638,-0.02795088664,1
0.06865806133,0.03346067294,-0.1684279889,-0.03308214247,1
0.06865806133,0.03531316668,-0.1641078293,-0.03664993867,1
0.06865806133,0.03716566041,-0.1635780185,-0.03816488385,1
0.06865806133,0.03901815414,-0.1640662849,-0.03746492788,1
0.06865806133,0.04087064788,-0.163620621,-0.03319365159,1
0.06865806133,0.04272314161,-0.1587675661,-0.02500977926,1
0.06865806133,0.04457563907,-0.1465629041,-0.01668290235,1
0.06865806133,0.0464281328,-0.1114129946,-0.01164537389,1
0.06865806133,0.04828062654,-0.03073598444,-0.003155165352,1
0.06865806133,0.05013312027,0.001748283044,-0.0004902078072,1
0.06865806133,0.051985614,NaN,NaN,0
0.06865806133,0.05383810773,NaN,NaN,0
0.07051055133,0.001968274824,NaN,NaN,0
0.07051055133,0.003820769023,-0.2045877576,-0.002036557067,1
0.07051055133,0.005673262756,-0.2022318989,-0.003419961082,1
0.07051055133,0.007525756955,-0.2041852176,-0.004288232885,1
0.07051055133,0.009378250688,-0.2083139718,-0.00566367479,1
0.07051055133,0.01123074535,-0.2061817795,-0.009386655875,1
0.07051055133,0.01308323909,-0.1972540468,-0.01449443586,1
0.07051055133,0.01493573282,-0.1894371808,-0.01596571319,1
0.07051055133,0.01678822748,-0.1831760705,-0.01925818622,1
0.07051055133,0.01864072122,-0.1738218665,-0.02237678505,1
0.07051055133,0.02049321495,-0.1646534652,-0.02044369467,1
0.07051055133,0.02234570868,-0.1577796638,-0.01374316309,1
0.07051055133,0.02419820242,-0.1620670706,-0.007954953238,1
0.07051055133,0.02605069801,-0.1775726676,-0.009752692655,1
0.07051055133,0.02790319175,-0.1859963387,-0.01804854721,1
0.07051055133,0.02975568548,-0.1843558997,-0.02573452145,1
0.07051055133,0.03160817921,-0.1776071042,-0.03139017895,1
0.07051055133,0.03346067294,-0.1683855206,-0.03552158549,1
0.07051055133,0.03531316668,-0.1624363363,-0.03898147866,1
0.07051055133,0.03716566041,-0.1604174674,-0.04023437202,1
0.07051055133,0.03901815414,-0.1620521694,-0.03832378983,1
0.07051055133,0.04087064788,-0.1649015248,-0.0321575515,1
0.07051055133,0.04272314161,-0.1618629694,-0.02319042943,1
0.07051055133,0.04457563907,-0.1514807791,-0.01397488359,1
0.07051055133,0.0464281328,-0.1169399545,-0.008113185875,1
0.07051055133,0.04828062654,-0.02630949579,-0.003283407073,1
0.07051055133,0.05013312027,-0.001155083417,-0.001805818989,1
0.07051055133,0.051985614,NaN,NaN,0
0.07051055133,0.05383810773,NaN,NaN,0
0.07236304879,0.001968274824,NaN,NaN,0
0.07236304879,0.003820769023,-0.2025338113,0.002152396599,1
0.07236304879,0.005673262756,-0.2007056922,0.0003343937569,1
0.07236304879,0.007525756955,-0.2033311129,-0.002259114059,1
0.07236304879,0.009378250688,-0.2065315992,-0.006230489351,1
0.07236304879,0.01123074535,-0.2001159191,-0.01361585129,1
0.07236304879,0.01308323909,-0.1872865558,-0.02085695043,1
0.07236304879,0.01493573282,-0.1804971397,-0.02126672864,1
0.07236304879,0.01678822748,-0.1779709607,-0.02760539763,1
0.07236304879,0.01864072122,-0.1723790467,-0.0325682722,1
0.07236304879,0.02049321495,-0.1657475531,-0.0267195031,1
0.07236304879,0.02234570868,-0.1585115045,-0.01213386562,1
0.07236304879,0.02419820242,-0.1630346924,-0.003735427279,1
0.07236304879,0.02605069801,-0.1781217456,-0.00748859439,1
0.07236304879,0.02790319175,-0.1869224608,-0.01917446032,1
0.07236304879,0.02975568548,-0.1874717921,-0.02811933495,1
0.07236304879,0.03160817921,-0.1822595596,-0.03312384337,1
0.07236304879,0.03346067294,-0.1699790955,-0.03635935485,1
0.07236304879,0.03531316668,-0.1621511728,-0.03844929859,1
0.07236304879,0.03716566041,-0.1589064896,-0.03925743327,1
0.07236304879,0.03901815414,-0.1610120982,-0.03615139425,1
0.07236304879,0.04087064788,-0.1649298817,-0.02830043249,1
0.07236304879,0.04272314161,-0.1639015079,-0.01891581714,1
0.07236304879,0.04457563907,-0.1583189666,-0.009370438755,1
0.07236304879,0.0464281328,-0.1283071935,-0.004657256883,1
0.07236304879,0.04828062654,-0.03474498913,-0.003440228989,1
0.07236304879,0.05013312027,-0.007189730648,-0.002669217065,2
0.07236304879,0.051985614,NaN,NaN,0
0.07236304879,0.05383810773,NaN,NaN,0
