PIVlab, ASCII chart output - 08-Oct-2024
FRAME: 222, filenames: A: Basler_acA640-750um__24761715__20241004_145722425_0442.bmp & B: Basler_acA640-750um__24761715__20241004_145722425_0443.bmp, conversion factor xy (px -> m): 0.00011578, conversion factor uv (px/frame -> m/s): 0.034769
x [m],y [m],u [m/s],v [m/s],Vector type [-]
0.001968274824,0.001968274824,NaN,NaN,0
0.001968274824,0.003820769023,-0.1862832308,-0.001189613482,1
0.001968274824,0.005673262756,-0.1756981164,-0.0006299890229,1
0.001968274824,0.007525756955,-0.1773732603,-0.000248800643,1
0.001968274824,0.009378250688,-0.1873900443,-0.0004327514034,1
0.001968274824,0.01123074535,-0.1879291832,-0.003459980013,1
0.001968274824,0.01308323909,-0.1851414591,-0.009442227893,1
0.001968274824,0.01493573282,-0.1841637045,-0.00923388917,1
0.001968274824,0.01678822748,-0.1863273829,-0.003909217194,1
0.001968274824,0.01864072122,-0.1930358261,0.0008417104254,1
0.001968274824,0.02049321495,-0.1989566535,0.004598565865,1
0.001968274824,0.02234570868,-0.1972727329,0.00160441047,1
0.001968274824,0.02419820242,-0.1896110624,-0.006829650607,1
0.001968274824,0.02605069801,-0.1818165481,-0.01516802702,1
0.001968274824,0.02790319175,-0.1808518171,-0.02190063149,1
0.001968274824,0.02975568548,-0.1816123724,-0.0280884169,1
0.001968274824,0.03160817921,-0.1797682345,-0.02996840701,1
0.001968274824,0.03346067294,-0.1772968024,-0.02521229535,1
0.001968274824,0.03531316668,-0.173458159,-0.01781372167,1
0.001968274824,0.03716566041,-0.1683484316,-0.01264476497,1
0.001968274824,0.03901815414,-0.1693950891,-0.01204816811,1
0.001968274824,0.04087064788,-0.176444605,-0.01260536164,1
0.001968274824,0.04272314161,-0.1781641841,-0.01131968107,1
0.001968274824,0.04457563907,-0.1597989202,-0.009582987055,1
0.001968274824,0.0464281328,-0.133715108,-0.01388265938,1
0.001968274824,0.04828062654,-0.09631696343,-0.0104563022,1
0.001968274824,0.05013312027,-0.08370309323,-0.00412074523,1
0.001968274824,0.051985614,NaN,NaN,0
0.001968274824,0.05383810773,NaN,NaN,0
0.003820769023,0.001968274824,NaN,NaN,0
0.003820769023,0.003820769023,-0.1880320311,-0.0006678640493,1
0.003820769023,0.005673262756,-0.1843619943,0.0008730129921,1
0.003820769023,0.007525756955,-0.1862338483,0.001333771273,1
0.003820769023,0.009378250688,-0.190392971,-0.0003227875859,1
0.003820769023,0.01123074535,-0.1894855499,-0.003563353792,1
0.003820769023,0.01308323909,-0.1862097979,-0.007658348884,1
0.003820769023,0.01493573282,-0.1847037226,-0.007417223416,1
0.003820769023,0.01678822748,-0.1865528524,-0.004747198895,1
0.003820769023,0.01864072122,-0.1907666028,-0.002830642043,1
0.003820769023,0.02049321495,-0.1922955066,-0.002519207541,1
0.003820769023,0.02234570868,-0.1877660751,-0.005434289575,1
0.003820769023,0.02419820242,-0.1827697903,-0.009528473951,1
0.003820769023,0.02605069801,-0.1818260998,-0.01384268515,1
0.003820769023,0.02790319175,-0.1840535253,-0.0200712271,1
0.003820769023,0.02975568548,-0.184580192,-0.02782700583,1
0.003820769023,0.03160817921,-0.1822527349,-0.03086708114,1
0.003820769023,0.03346067294,-0.1790875793,-0.0267128963,1
0.003820769023,0.03531316668,-0.1751624495,-0.01853646152,1
0.003820769023,0.03716566041,-0.169611305,-0.01133866329,1
0.003820769023,0.03901815414,-0.1665557176,-0.008425621316,1
0.003820769023,0.04087064788,-0.1713528782,-0.008661021478,1
0.003820769023,0.04272314161,-0.1756843477,-0.009336287156,1
0.003820769023,0.04457563907,-0.1595959663,-0.01007243339,1
0.003820769023,0.0464281328,-0.1233690754,-0.01163109951,1
0.003820769023,0.04828062654,-0.06502433866,-0.006931452546,1
0.003820769023,0.05013312027,-0.02248388901,-0.002936133882,1
0.003820769023,0.051985614,NaN,NaN,0
0.003820769023,0.05383810773,NaN,NaN,0
0.005673262756,0.001968274824,NaN,NaN,0
0.005673262756,0.003820769023,-0.1888598055,-0.00142256578,1
0.005673262756,0.005673262756,-0.1868900508,-0.0001894690795,1
0.005673262756,0.007525756955,-0.1876635104,0.001525875414,1
0.005673262756,0.009378250688,-0.1899440438,3.92768452e-05,1
0.005673262756,0.01123074535,-0.1893183291,-0.003066908801,1
0.005673262756,0.01308323909,-0.1870763898,-0.005359404255,1
0.005673262756,0.01493573282,-0.1857399344,-0.00600231532,1
0.005673262756,0.01678822748,-0.185809508,-0.006808434613,1
0.005673262756,0.01864072122,-0.1878066808,-0.007754605263,1
0.005673262756,0.02049321495,-0.1882973313,-0.01063524745,1
0.005673262756,0.02234570868,-0.1831547022,-0.01427522488,1
0.005673262756,0.02419820242,-0.179142803,-0.01401560754,1
0.005673262756,0.02605069801,-0.1810556501,-0.01430861838,1
0.005673262756,0.02790319175,-0.1834428161,-0.01932057366,1
0.005673262756,0.02975568548,-0.1835793406,-0.02732472681,1
0.005673262756,0.03160817921,-0.1825726777,-0.03144980967,1
0.005673262756,0.03346067294,-0.180156976,-0.02924340032,1
0.005673262756,0.03531316668,-0.1760225445,-0.02243895084,1
0.005673262756,0.03716566041,-0.169525668,-0.01390563417,1
0.005673262756,0.03901815414,-0.163726896,-0.008713240735,1
0.005673262756,0.04087064788,-0.1660819352,-0.006681475323,1
0.005673262756,0.04272314161,-0.1721413583,-0.005867925473,1
0.005673262756,0.04457563907,-0.1635747999,-0.006559538189,1
0.005673262756,0.0464281328,-0.1305418611,-0.007129338104,1
0.005673262756,0.04828062654,-0.07652653754,-0.004912622739,1
0.005673262756,0.05013312027,-0.01029275078,-0.002100205049,1
0.005673262756,0.051985614,NaN,NaN,0
0.005673262756,0.05383810773,NaN,NaN,0
0.007525756955,0.001968274824,NaN,NaN,0
0.007525756955,0.003820769023,-0.1890269816,-0.003020289354,1
0.007525756955,0.005673262756,-0.1867819726,-0.002070183866,1
0.007525756955,0.007525756955,-0.1869363934,0.0005577973789,1
0.007525756955,0.009378250688,-0.1890080273,0.0006915237173,1
0.007525756955,0.01123074535,-0.1899930984,-0.001597834867,1
0.007525756955,0.01308323909,-0.1892633885,-0.004081628751,1
0.007525756955,0.01493573282,-0.1872866303,-0.006932083983,1
0.007525756955,0.01678822748,-0.1852149963,-0.008895616978,1
0.007525756955,0.01864072122,-0.1851597875,-0.01110853814,1
0.007525756955,0.02049321495,-0.1869636625,-0.0165214669,1
0.007525756955,0.02234570868,-0.1854531318,-0.02052032016,1
0.007525756955,0.02419820242,-0.1820163727,-0.01939820684,1
0.007525756955,0.02605069801,-0.1821399331,-0.01806128211,1
0.007525756955,0.02790319175,-0.181248039,-0.02061596513,1
0.007525756955,0.02975568548,-0.1802754998,-0.02647822723,1
0.007525756955,0.03160817921,-0.1810164005,-0.03158009797,1
0.007525756955,0.03346067294,-0.1802577674,-0.03131164238,1
0.007525756955,0.03531316668,-0.1773711294,-0.02560668997,1
0.007525756955,0.03716566041,-0.1718637645,-0.01735216752,1
0.007525756955,0.03901815414,-0.1655808538,-0.0116654709,1
0.007525756955,0.04087064788,-0.1653903276,-0.007807658985,1
0.007525756955,0.04272314161,-0.1692803353,-0.005384233315,1
0.007525756955,0.04457563907,-0.1637005955,-0.005573635455,1
0.007525756955,0.0464281328,-0.1324392855,-0.005946937017,1
0.007525756955,0.04828062654,-0.07527045906,-0.003669349477,1
0.007525756955,0.05013312027,-0.01906477846,-0.001098432462,2
0.007525756955,0.051985614,NaN,NaN,0
0.007525756955,0.05383810773,NaN,NaN,0
0.009378250688,0.001968274824,NaN,NaN,0
0.009378250688,0.003820769023,-0.1895988137,-0.004211005289,1
0.009378250688,0.005673262756,-0.1870971322,-0.004309374373,1
0.009378250688,0.007525756955,-0.1874090135,-0.001593190245,1
0.009378250688,0.009378250688,-0.1892486364,0.0003713618207,1
0.009378250688,0.01123074535,-0.1900043637,-0.0006832347135,1
0.009378250688,0.01308323909,-0.1895121783,-0.00472083874,1
0.009378250688,0.01493573282,-0.188138634,-0.009151118807,1
0.009378250688,0.01678822748,-0.1852950305,-0.01089089178,1
0.009378250688,0.01864072122,-0.183694765,-0.012315806,1
0.009378250688,0.02049321495,-0.1867193282,-0.01780097,1
0.009378250688,0.02234570868,-0.1892481893,-0.02259580046,1
0.009378250688,0.02419820242,-0.1880806684,-0.02359628305,1
0.009378250688,0.02605069801,-0.1875149608,-0.0236405544,1
0.009378250688,0.02790319175,-0.1842130721,-0.0239429567,1
0.009378250688,0.02975568548,-0.180738911,-0.02581112646,1
0.009378250688,0.03160817921,-0.1810280681,-0.02880498394,1
0.009378250688,0.03346067294,-0.1813151687,-0.02931096032,1
0.009378250688,0.03531316668,-0.1790126562,-0.02546519786,1
0.009378250688,0.03716566041,-0.1749451607,-0.01964702457,1
0.009378250688,0.03901815414,-0.1704495847,-0.01449741144,1
0.009378250688,0.04087064788,-0.1689059138,-0.01022283919,1
0.009378250688,0.04272314161,-0.1699008495,-0.008871018887,1
0.009378250688,0.04457563907,-0.1659590453,-0.009107507765,1
0.009378250688,0.0464281328,-0.1348238438,-0.00633866014,1
0.009378250688,0.04828062654,-0.04346462712,-0.001006306265,1
0.009378250688,0.05013312027,-0.003006782848,0.001097971108,1
0.009378250688,0.051985614,NaN,NaN,0
0.009378250688,0.05383810773,NaN,NaN,0
0.01123074535,0.001968274824,NaN,NaN,0
0.01123074535,0.003820769023,-0.1903619617,-0.00420764368,1
0.01123074535,0.005673262756,-0.1870798767,-0.006548632402,1
0.01123074535,0.007525756955,-0.1879493147,-0.004873884842,1
0.01123074535,0.009378250688,-0.1895037442,-0.002175875008,1
0.01123074535,0.01123074535,-0.1886624098,-0.002436037641,1
0.01123074535,0.01308323909,-0.1876624972,-0.00635508867,1
0.01123074535,0.01493573282,-0.1884607077,-0.01062773168,1
0.01123074535,0.01678822748,-0.186266005,-0.01236412954,1
0.01123074535,0.01864072122,-0.1831620187,-0.0127816759,1
0.01123074535,0.02049321495,-0.1847270727,-0.01732484065,1
0.01123074535,0.02234570868,-0.189032495,-0.02273713239,1
0.01123074535,0.02419820242,-0.1917149127,-0.02542668395,1
0.01123074535,0.02605069801,-0.1920650005,-0.02683966234,1
0.01123074535,0.02790319175,-0.1892953962,-0.02726849541,1
0.01123074535,0.02975568548,-0.1847619414,-0.02584178001,1
0.01123074535,0.03160817921,-0.1833895594,-0.02476574853,1
0.01123074535,0.03346067294,-0.1834478974,-0.02493614703,1
0.01123074535,0.03531316668,-0.1802490056,-0.02432348765,1
0.01123074535,0.03716566041,-0.176800862,-0.02206137404,1
0.01123074535,0.03901815414,-0.1747812033,-0.0172170233,1
0.01123074535,0.04087064788,-0.1734084934,-0.01221892983,1
0.01123074535,0.04272314161,-0.1732466072,-0.01153124869,1
0.01123074535,0.04457563907,-0.171582967,-0.01230229344,1
0.01123074535,0.0464281328,-0.1482006758,-0.008762273937,1
0.01123074535,0.04828062654,-0.06309720874,-0.003459168132,1
0.01123074535,0.05013312027,-0.008439430967,-0.000511274091,1
0.01123074535,0.051985614,NaN,NaN,0
0.01123074535,0.05383810773,NaN,NaN,0
0.01308323909,0.001968274824,NaN,NaN,0
0.01308323909,0.003820769023,-0.1894626915,-0.002804713324,1
0.01308323909,0.005673262756,-0.1871751398,-0.00543267047,1
0.01308323909,0.007525756955,-0.1877903491,-0.005080695264,1
0.01308323909,0.009378250688,-0.1887828708,-0.003638992552,1
0.01308323909,0.01123074535,-0.1872082502,-0.003769175615,1
0.01308323909,0.01308323909,-0.185424909,-0.006842810195,1
0.01308323909,0.01493573282,-0.1873731017,-0.01058507711,1
0.01308323909,0.01678822748,-0.1871296018,-0.01271864865,1
0.01308323909,0.01864072122,-0.1837460548,-0.01316878479,1
0.01308323909,0.02049321495,-0.1837108731,-0.01680393517,1
0.01308323909,0.02234570868,-0.1880910695,-0.02127586305,1
0.01308323909,0.02419820242,-0.1931048185,-0.02502031252,1
0.01308323909,0.02605069801,-0.194867447,-0.02755896933,1
0.01308323909,0.02790319175,-0.1938438565,-0.02828433923,1
0.01308323909,0.02975568548,-0.1897227466,-0.02574149705,1
0.01308323909,0.03160817921,-0.1857160777,-0.02282805368,1
0.01308323909,0.03346067294,-0.1827695072,-0.02289767191,1
0.01308323909,0.03531316668,-0.1779490709,-0.02407338284,1
0.01308323909,0.03716566041,-0.1759684831,-0.02276569046,1
0.01308323909,0.03901815414,-0.1787580401,-0.01783253811,1
0.01308323909,0.04087064788,-0.1793820858,-0.01257073041,1
0.01308323909,0.04272314161,-0.178139165,-0.01070523635,1
0.01308323909,0.04457563907,-0.1748965234,-0.01178161707,1
0.01308323909,0.0464281328,-0.1510606557,-0.01021520421,1
0.01308323909,0.04828062654,-0.06554355472,-0.00535776047,1
0.01308323909,0.05013312027,-0.009617968462,-0.002187361475,1
0.01308323909,0.051985614,NaN,NaN,0
0.01308323909,0.05383810773,NaN,NaN,0
0.01493573282,0.001968274824,NaN,NaN,0
0.01493573282,0.003820769023,-0.1893074661,0.0001925301476,1
0.01493573282,0.005673262756,-0.1887527406,-0.001872870955,1
0.01493573282,0.007525756955,-0.1887066215,-0.002724453807,1
0.01493573282,0.009378250688,-0.1889297813,-0.002951049479,1
0.01493573282,0.01123074535,-0.1873734742,-0.003480315907,1
0.01493573282,0.01308323909,-0.1848491728,-0.00599395344,1
0.01493573282,0.01493573282,-0.185366109,-0.008212927729,1
0.01493573282,0.01678822748,-0.1858056635,-0.009660325944,1
0.01493573282,0.01864072122,-0.1833771616,-0.01157086529,1
0.01493573282,0.02049321495,-0.1837787926,-0.01549947169,1
0.01493573282,0.02234570868,-0.1886113733,-0.01847741008,1
0.01493573282,0.02419820242,-0.1948388666,-0.02220011689,1
0.01493573282,0.02605069801,-0.1975387037,-0.02521403506,1
0.01493573282,0.02790319175,-0.1974224448,-0.02615139447,1
0.01493573282,0.02975568548,-0.194397226,-0.02416471764,1
0.01493573282,0.03160817921,-0.1885385811,-0.02153754234,1
0.01493573282,0.03346067294,-0.1818399131,-0.02217523195,1
0.01493573282,0.03531316668,-0.1755097061,-0.02357656695,1
0.01493573282,0.03716566041,-0.1736599654,-0.02155257761,1
0.01493573282,0.03901815414,-0.1777715832,-0.01631713286,1
0.01493573282,0.04087064788,-0.1800265759,-0.01158964355,1
0.01493573282,0.04272314161,-0.1785963327,-0.01019083336,1
0.01493573282,0.04457563907,-0.1737096608,-0.01140531804,1
0.01493573282,0.0464281328,-0.1456991881,-0.01087038219,1
0.01493573282,0.04828062654,-0.04907333851,-0.006056221202,1
0.01493573282,0.05013312027,0.001940843882,-0.00286849658,1
0.01493573282,0.051985614,NaN,NaN,0
0.01493573282,0.05383810773,NaN,NaN,0
0.01678822748,0.001968274824,NaN,NaN,0
0.01678822748,0.003820769023,-0.1904705763,-0.0004701525613,1
0.01678822748,0.005673262756,-0.1906948984,-0.0009278207435,1
0.01678822748,0.007525756955,-0.1901360303,-0.001572948066,1
0.01678822748,0.009378250688,-0.1896809787,-0.002068914007,1
0.01678822748,0.01123074535,-0.1883610189,-0.002630296862,1
0.01678822748,0.01308323909,-0.1861155033,-0.00389027549,1
0.01678822748,0.01493573282,-0.1865683794,-0.002202398144,1
0.01678822748,0.01678822748,-0.1864163727,-0.004177926108,1
0.01678822748,0.01864072122,-0.1833377928,-0.00933983922,1
0.01678822748,0.02049321495,-0.1837176234,-0.01311297994,1
0.01678822748,0.02234570868,-0.1893832088,-0.01448973175,1
0.01678822748,0.02419820242,-0.1955692321,-0.01827318594,1
0.01678822748,0.02605069801,-0.1987238824,-0.02059991844,1
0.01678822748,0.02790319175,-0.1983288527,-0.0200354103,1
0.01678822748,0.02975568548,-0.1952388138,-0.0188652724,1
0.01678822748,0.03160817921,-0.1902049184,-0.01741813868,1
0.01678822748,0.03346067294,-0.1833347231,-0.01905470714,1
0.01678822748,0.03531316668,-0.1767810881,-0.02055322379,1
0.01678822748,0.03716566041,-0.1736019999,-0.01836980134,1
0.01678822748,0.03901815414,-0.1750483811,-0.01435033605,1
0.01678822748,0.04087064788,-0.1774519384,-0.01103113778,1
0.01678822748,0.04272314161,-0.1781654805,-0.01009269617,1
0.01678822748,0.04457563907,-0.1757342219,-0.01067041606,1
0.01678822748,0.0464281328,-0.1587872654,-0.01007239148,1
0.01678822748,0.04828062654,-0.1042636037,-0.00655544363,1
0.01678822748,0.05013312027,-0.009671417996,-0.002886571921,1
0.01678822748,0.051985614,NaN,NaN,0
0.01678822748,0.05383810773,NaN,NaN,0
0.01864072122,0.001968274824,NaN,NaN,0
0.01864072122,0.003820769023,-0.1928172559,-0.004676009528,1
0.01864072122,0.005673262756,-0.1925350875,-0.00437918026,1
0.01864072122,0.007525756955,-0.1915582567,-0.003697994165,1
0.01864072122,0.009378250688,-0.1907106638,-0.003233118681,1
0.01864072122,0.01123074535,-0.1886808127,-0.003256295109,1
0.01864072122,0.01308323909,-0.1861116737,-0.002861682791,1
0.01864072122,0.01493573282,-0.1857422292,4.390403046e-05,1
0.01864072122,0.01678822748,-0.1845072806,-0.002561387839,1
0.01864072122,0.01864072122,-0.1812047809,-0.00918987859,1
0.01864072122,0.02049321495,-0.1831197739,-0.01179854572,1
0.01864072122,0.02234570868,-0.1907014698,-0.01088875253,1
0.01864072122,0.02419820242,-0.1963433921,-0.0121963257,1
0.01864072122,0.02605069801,-0.198736757,-0.01363239251,1
0.01864072122,0.02790319175,-0.198059231,-0.0135185644,1
0.01864072122,0.02975568548,-0.1910957098,-0.01471211575,1
0.01864072122,0.03160817921,-0.1865248084,-0.01398772281,1
0.01864072122,0.03346067294,-0.1831231117,-0.0147143947,1
0.01864072122,0.03531316668,-0.1785312444,-0.01582960039,1
0.01864072122,0.03716566041,-0.1737926155,-0.01381580159,1
0.01864072122,0.03901815414,-0.1714969873,-0.01115793642,1
0.01864072122,0.04087064788,-0.1730325371,-0.009485812858,1
0.01864072122,0.04272314161,-0.1775764227,-0.009209899232,1
0.01864072122,0.04457563907,-0.1780993342,-0.008857439272,1
0.01864072122,0.0464281328,-0.1644054949,-0.007555625867,1
0.01864072122,0.04828062654,-0.1180225685,-0.005527073052,1
0.01864072122,0.05013312027,-0.01671878435,-0.002539203735,1
0.01864072122,0.051985614,NaN,NaN,0
0.01864072122,0.05383810773,NaN,NaN,0
0.02049321495,0.001968274824,NaN,NaN,0
0.02049321495,0.003820769023,-0.1945961416,-0.007127371151,1
0.02049321495,0.005673262756,-0.1931514889,-0.00570287602,1
0.02049321495,0.007525756955,-0.1923213899,-0.004224977456,1
0.02049321495,0.009378250688,-0.1923771054,-0.003581653349,1
0.02049321495,0.01123074535,-0.1899020225,-0.004168963525,1
0.02049321495,0.01308323909,-0.1849882752,-0.004182346165,1
0.02049321495,0.01493573282,-0.1806655228,-0.004109725822,1
0.02049321495,0.01678822748,-0.1779179871,-0.008149364963,1
0.02049321495,0.01864072122,-0.1770077348,-0.01318859588,1
0.02049321495,0.02049321495,-0.1845076233,-0.01384980511,1
0.02049321495,0.02234570868,-0.1952487826,-0.01085643843,1
0.02049321495,0.02419820242,-0.1984380186,-0.008753405884,1
0.02049321495,0.02605069801,-0.197292611,-0.009875508025,1
0.02049321495,0.02790319175,-0.1944175661,-0.01486104168,1
0.02049321495,0.02975568548,-0.1870607287,-0.01856454462,1
0.02049321495,0.03160817921,-0.183638081,-0.01594823599,1
0.02049321495,0.03346067294,-0.1834885478,-0.01338786446,1
0.02049321495,0.03531316668,-0.1802440882,-0.01284869108,1
0.02049321495,0.03716566041,-0.1732098609,-0.01164385304,1
0.02049321495,0.03901815414,-0.1689363122,-0.01005772594,1
0.02049321495,0.04087064788,-0.1703604609,-0.009023359045,1
0.02049321495,0.04272314161,-0.177066803,-0.008580306545,1
0.02049321495,0.04457563907,-0.178882435,-0.007364329416,1
0.02049321495,0.0464281328,-0.1630259156,-0.005326773506,1
0.02049321495,0.04828062654,-0.1040223315,-0.003679623362,2
0.02049321495,0.05013312027,-0.01331385318,-0.001787469489,1
0.02049321495,0.051985614,NaN,NaN,0
0.02049321495,0.05383810773,NaN,NaN,0
0.02234570868,0.001968274824,NaN,NaN,0
0.02234570868,0.003820769023,-0.1967800707,-0.008053864352,1
0.02234570868,0.005673262756,-0.1950274408,-0.005930704065,1
0.02234570868,0.007525756955,-0.1936286986,-0.004517640918,1
0.02234570868,0.009378250688,-0.1931935102,-0.003571346868,1
0.02234570868,0.01123074535,-0.1911358982,-0.004480243195,1
0.02234570868,0.01308323909,-0.1854118854,-0.005968763959,1
0.02234570868,0.01493573282,-0.1787340194,-0.008315207437,1
0.02234570868,0.01678822748,-0.174154073,-0.01350931078,1
0.02234570868,0.01864072122,-0.1755518913,-0.01770875044,1
0.02234570868,0.02049321495,-0.1889790595,-0.01718404517,1
0.02234570868,0.02234570868,-0.2023974955,-0.01504801959,1
0.02234570868,0.02419820242,-0.2016720027,-0.01276530419,1
0.02234570868,0.02605069801,-0.1952792257,-0.01658557914,1
0.02234570868,0.02790319175,-0.1900856644,-0.02143343166,1
0.02234570868,0.02975568548,-0.1845260561,-0.02272591181,1
0.02234570868,0.03160817921,-0.1829310209,-0.01945293136,1
0.02234570868,0.03346067294,-0.1840968877,-0.0150547307,1
0.02234570868,0.03531316668,-0.1807292998,-0.01367917191,1
0.02234570868,0.03716566041,-0.1725625098,-0.01322201733,1
0.02234570868,0.03901815414,-0.1685280502,-0.01205334347,1
0.02234570868,0.04087064788,-0.1708892882,-0.01120978408,1
0.02234570868,0.04272314161,-0.1766854376,-0.009679464623,1
0.02234570868,0.04457563907,-0.1768154651,-0.007717264816,1
0.02234570868,0.0464281328,-0.1573047191,-0.004956915975,1
0.02234570868,0.04828062654,-0.09803186357,-0.003029735759,1
0.02234570868,0.05013312027,-0.013596843,-0.001905798214,1
0.02234570868,0.051985614,NaN,NaN,0
0.02234570868,0.05383810773,NaN,NaN,0
0.02419820242,0.001968274824,NaN,NaN,0
0.02419820242,0.003820769023,-0.198580876,-0.008479499258,1
0.02419820242,0.005673262756,-0.1981288344,-0.005942835007,1
0.02419820242,0.007525756955,-0.1954437643,-0.004893011879,1
0.02419820242,0.009378250688,-0.1930928081,-0.003821679391,1
0.02419820242,0.01123074535,-0.1908996403,-0.003610287793,1
0.02419820242,0.01308323909,-0.1870459914,-0.006975261495,1
0.02419820242,0.01493573282,-0.1797325015,-0.01180101093,1
0.02419820242,0.01678822748,-0.1728299707,-0.01668634079,1
0.02419820242,0.01864072122,-0.1739855558,-0.01977081783,1
0.02419820242,0.02049321495,-0.1868834347,-0.02028313279,1
0.02419820242,0.02234570868,-0.1980590373,-0.02073309757,1
0.02419820242,0.02419820242,-0.1968515515,-0.02124142461,1
0.02419820242,0.02605069801,-0.1911923736,-0.02473874949,1
0.02419820242,0.02790319175,-0.1857686341,-0.02552533895,1
0.02419820242,0.02975568548,-0.1817855686,-0.02355842665,1
0.02419820242,0.03160817921,-0.1817520559,-0.02167583629,1
0.02419820242,0.03346067294,-0.1832118034,-0.01851592213,1
0.02419820242,0.03531316668,-0.1803412288,-0.01788446307,1
0.02419820242,0.03716566041,-0.1741633862,-0.01797657274,1
0.02419820242,0.03901815414,-0.1721233279,-0.01610590704,1
0.02419820242,0.04087064788,-0.175914079,-0.01459239703,1
0.02419820242,0.04272314161,-0.1797505617,-0.01291792002,1
0.02419820242,0.04457563907,-0.1746929139,-0.01000045426,1
0.02419820242,0.0464281328,-0.1484371126,-0.006122947205,1
0.02419820242,0.04828062654,-0.08568442613,-0.003325928934,1
0.02419820242,0.05013312027,-0.01924400963,-0.001511897193,1
0.02419820242,0.051985614,NaN,NaN,0
0.02419820242,0.05383810773,NaN,NaN,0
0.02605069801,0.001968274824,NaN,NaN,0
0.02605069801,0.003820769023,-0.1985175461,-0.009689277038,1
0.02605069801,0.005673262756,-0.1993051916,-0.006350223906,1
0.02605069801,0.007525756955,-0.1960181147,-0.004809795413,1
0.02605069801,0.009378250688,-0.1929142028,-0.002950809663,1
0.02605069801,0.01123074535,-0.1906789094,-0.001155726379,1
0.02605069801,0.01308323909,-0.1877084523,-0.003850591369,1
0.02605069801,0.01493573282,-0.1818056405,-0.01004856732,1
0.02605069801,0.01678822748,-0.1756085306,-0.01765914634,1
0.02605069801,0.01864072122,-0.1755554676,-0.02291554399,1
0.02605069801,0.02049321495,-0.1811856627,-0.02446013875,1
0.02605069801,0.02234570868,-0.1869077981,-0.02484291792,1
0.02605069801,0.02419820242,-0.1873803437,-0.02523762919,1
0.02605069801,0.02605069801,-0.1847972572,-0.02600121498,1
0.02605069801,0.02790319175,-0.1807209253,-0.02577450499,1
0.02605069801,0.02975568548,-0.1791078895,-0.02493825741,1
0.02605069801,0.03160817921,-0.1814491004,-0.02462695725,1
0.02605069801,0.03346067294,-0.1838799119,-0.02332262322,1
0.02605069801,0.03531316668,-0.1825688332,-0.02348910458,1
0.02605069801,0.03716566041,-0.1794983447,-0.0233396627,1
0.02605069801,0.03901815414,-0.1790364236,-0.02054713853,1
0.02605069801,0.04087064788,-0.1823846251,-0.01796022244,1
0.02605069801,0.04272314161,-0.1846207976,-0.01708036102,1
0.02605069801,0.04457563907,-0.1767728031,-0.01416576002,1
0.02605069801,0.0464281328,-0.1463868916,-0.008969036862,1
0.02605069801,0.04828062654,-0.07869462669,-0.00415799208,1
0.02605069801,0.05013312027,-0.03996782005,-0.001643773983,1
0.02605069801,0.051985614,NaN,NaN,0
0.02605069801,0.05383810773,NaN,NaN,0
0.02790319175,0.001968274824,NaN,NaN,0
0.02790319175,0.003820769023,-0.1983003765,-0.009358182549,1
0.02790319175,0.005673262756,-0.199437201,-0.006514990702,1
0.02790319175,0.007525756955,-0.1969803721,-0.004294368438,1
0.02790319175,0.009378250688,-0.1937285364,-0.001261428115,1
0.02790319175,0.01123074535,-0.1908677667,0.001571452478,1
0.02790319175,0.01308323909,-0.1877519786,0.000557339692,1
0.02790319175,0.01493573282,-0.183529377,-0.00559032103,1
0.02790319175,0.01678822748,-0.1791269332,-0.01684325747,1
0.02790319175,0.01864072122,-0.1790131778,-0.02589056641,1
0.02790319175,0.02049321495,-0.1809150428,-0.0278338939,1
0.02790319175,0.02234570868,-0.1811061054,-0.02628886141,1
0.02790319175,0.02419820242,-0.1793230325,-0.02553175204,1
0.02790319175,0.02605069801,-0.1776536554,-0.02651547082,1
0.02790319175,0.02790319175,-0.1762132347,-0.02801466733,1
0.02790319175,0.02975568548,-0.177655533,-0.02868401073,1
0.02790319175,0.03160817921,-0.1826317906,-0.02941811644,1
0.02790319175,0.03346067294,-0.1871013343,-0.02878461219,1
0.02790319175,0.03531316668,-0.1884211302,-0.02817170322,1
0.02790319175,0.03716566041,-0.1882319301,-0.02755207568,1
0.02790319175,0.03901815414,-0.1868324727,-0.02426501364,1
0.02790319175,0.04087064788,-0.1857130378,-0.0203302782,1
0.02790319175,0.04272314161,-0.1862488687,-0.01975275576,1
0.02790319175,0.04457563907,-0.1793841124,-0.01915328205,1
0.02790319175,0.0464281328,-0.1533686072,-0.01405477244,1
0.02790319175,0.04828062654,-0.09039400518,-0.00510013802,1
0.02790319175,0.05013312027,-0.09865626693,-0.002370669274,1
0.02790319175,0.051985614,NaN,NaN,0
0.02790319175,0.05383810773,NaN,NaN,0
0.02975568548,0.001968274824,NaN,NaN,0
0.02975568548,0.003820769023,-0.1995061487,-0.007275968324,1
0.02975568548,0.005673262756,-0.2001312077,-0.005781582091,1
0.02975568548,0.007525756955,-0.1992639601,-0.003512640484,1
0.02975568548,0.009378250688,-0.1964226812,-5.788794078e-05,1
0.02975568548,0.01123074535,-0.1924683154,0.002942648949,1
0.02975568548,0.01308323909,-0.1888500154,0.003396347165,1
0.02975568548,0.01493573282,-0.1841501445,-0.0015556789,1
0.02975568548,0.01678822748,-0.1791310161,-0.01299694087,1
0.02975568548,0.01864072122,-0.180252254,-0.02371560968,1
0.02975568548,0.02049321495,-0.1821954399,-0.02769195475,1
0.02975568548,0.02234570868,-0.1791325063,-0.0268347282,1
0.02975568548,0.02419820242,-0.1760616153,-0.02623260394,1
0.02975568548,0.02605069801,-0.1755909622,-0.02790683694,1
0.02975568548,0.02790319175,-0.1763931513,-0.03067347966,1
0.02975568548,0.02975568548,-0.1803145856,-0.03119161911,1
0.02975568548,0.03160817921,-0.1864693463,-0.03045416251,1
0.02975568548,0.03346067294,-0.1913144141,-0.02864798345,1
0.02975568548,0.03531316668,-0.193450585,-0.02680428512,1
0.02975568548,0.03716566041,-0.1931045204,-0.02667389996,1
0.02975568548,0.03901815414,-0.1889774799,-0.02545551956,1
0.02975568548,0.04087064788,-0.1848614067,-0.0217753239,1
0.02975568548,0.04272314161,-0.1843153685,-0.01968392543,1
0.02975568548,0.04457563907,-0.1800652444,-0.01929904707,1
0.02975568548,0.0464281328,-0.1669316292,-0.01429949887,1
0.02975568548,0.04828062654,-0.1413102895,-0.005039065611,1
0.02975568548,0.05013312027,-0.1302024871,-0.002641796134,2
0.02975568548,0.051985614,NaN,NaN,0
0.02975568548,0.05383810773,NaN,NaN,0
0.03160817921,0.001968274824,NaN,NaN,0
0.03160817921,0.003820769023,-0.2002336085,-0.005474011414,1
0.03160817921,0.005673262756,-0.1993451715,-0.005374305882,1
0.03160817921,0.007525756955,-0.1982171834,-0.004520664923,1
0.03160817921,0.009378250688,-0.196340248,-0.001715090591,1
0.03160817921,0.01123074535,-0.1931688637,0.001728115254,1
0.03160817921,0.01308323909,-0.1897203624,0.004858473781,1
0.03160817921,0.01493573282,-0.1835179329,0.003003628459,1
0.03160817921,0.01678822748,-0.1767021269,-0.00475062523,1
0.03160817921,0.01864072122,-0.1760068536,-0.01398416795,1
0.03160817921,0.02049321495,-0.1781915426,-0.02153635211,1
0.03160817921,0.02234570868,-0.1785868704,-0.02540307119,1
0.03160817921,0.02419820242,-0.1792126298,-0.02610716224,1
0.03160817921,0.02605069801,-0.181486398,-0.02685318328,1
0.03160817921,0.02790319175,-0.1832718402,-0.02853084914,1
0.03160817921,0.02975568548,-0.1869429052,-0.02793805301,1
0.03160817921,0.03160817921,-0.192876637,-0.02386065573,1
0.03160817921,0.03346067294,-0.1963236779,-0.01953002624,1
0.03160817921,0.03531316668,-0.1960099339,-0.0170003362,1
0.03160817921,0.03716566041,-0.1934876293,-0.01821449399,1
0.03160817921,0.03901815414,-0.1869774908,-0.0202425383,1
0.03160817921,0.04087064788,-0.1821489483,-0.01874679327,1
0.03160817921,0.04272314161,-0.180920288,-0.01667304896,1
0.03160817921,0.04457563907,-0.1767848879,-0.01592119597,1
0.03160817921,0.0464281328,-0.1658432037,-0.01154886652,1
0.03160817921,0.04828062654,-0.1505007446,-0.004627955146,1
0.03160817921,0.05013312027,-0.1360839754,-0.002828005468,2
0.03160817921,0.051985614,NaN,NaN,0
0.03160817921,0.05383810773,NaN,NaN,0
0.03346067294,0.001968274824,NaN,NaN,0
0.03346067294,0.003820769023,-0.200998947,-0.002559090732,1
0.03346067294,0.005673262756,-0.1996609867,-0.00205345382,1
0.03346067294,0.007525756955,-0.1978342831,-0.001775703044,1
0.03346067294,0.009378250688,-0.1950871646,-9.618007607e-05,1
0.03346067294,0.01123074535,-0.1919505,0.003028871026,1
0.03346067294,0.01308323909,-0.1878623366,0.00702396594,1
0.03346067294,0.01493573282,-0.1809210032,0.006835483015,1
0.03346067294,0.01678822748,-0.1733640432,0.001746949041,1
0.03346067294,0.01864072122,-0.1693796664,-0.004943391774,1
0.03346067294,0.02049321495,-0.1702124178,-0.0138446549,1
0.03346067294,0.02234570868,-0.1758696139,-0.0216503907,1
0.03346067294,0.02419820242,-0.1847545505,-0.02419587225,1
0.03346067294,0.02605069801,-0.1907768101,-0.0250549335,1
0.03346067294,0.02790319175,-0.1930825114,-0.02370876074,1
0.03346067294,0.02975568548,-0.1953168809,-0.0198563356,1
0.03346067294,0.03160817921,-0.1986182779,-0.01323448028,1
0.03346067294,0.03346067294,-0.1981756985,-0.008572701365,1
0.03346067294,0.03531316668,-0.1924925745,-0.006985957734,1
0.03346067294,0.03716566041,-0.1871296912,-0.008618363179,1
0.03346067294,0.03901815414,-0.1837946922,-0.01243792754,1
0.03346067294,0.04087064788,-0.1814579517,-0.01375689264,1
0.03346067294,0.04272314161,-0.1796191484,-0.01395201124,1
0.03346067294,0.04457563907,-0.1742017418,-0.01389411464,1
0.03346067294,0.0464281328,-0.161838308,-0.009904215112,1
0.03346067294,0.04828062654,-0.147903353,-0.004446116742,1
0.03346067294,0.05013312027,-0.1343732029,-0.002885087626,2
0.03346067294,0.051985614,NaN,NaN,0
0.03346067294,0.05383810773,NaN,NaN,0
0.03531316668,0.001968274824,NaN,NaN,0
0.03531316668,0.003820769023,-0.2051960528,0.000190525403,1
0.03531316668,0.005673262756,-0.2027771175,0.001831919886,1
0.03531316668,0.007525756955,-0.1985720098,0.002403385704,1
0.03531316668,0.009378250688,-0.19451949,0.003103844123,1
0.03531316668,0.01123074535,-0.1912519038,0.005763344467,1
0.03531316668,0.01308323909,-0.1863518357,0.009258787148,1
0.03531316668,0.01493573282,-0.1790626198,0.0086834291,1
0.03531316668,0.01678822748,-0.1716150641,0.004554841202,1
0.03531316668,0.01864072122,-0.1649858057,-0.000468135695,1
0.03531316668,0.02049321495,-0.1640707105,-0.006705053616,1
0.03531316668,0.02234570868,-0.1717047244,-0.01330255065,1
0.03531316668,0.02419820242,-0.1844487935,-0.020768499,1
0.03531316668,0.02605069801,-0.1940683722,-0.02469983324,1
0.03531316668,0.02790319175,-0.1994277388,-0.02047802135,1
0.03531316668,0.02975568548,-0.2023390234,-0.01246145926,1
0.03531316668,0.03160817921,-0.2019293904,-0.006933562458,1
0.03531316668,0.03346067294,-0.1955193728,-0.005826960318,1
0.03531316668,0.03531316668,-0.1859660596,-0.006468976382,1
0.03531316668,0.03716566041,-0.1801846027,-0.006421535276,1
0.03531316668,0.03901815414,-0.1790795475,-0.007532945368,1
0.03531316668,0.04087064788,-0.1799146384,-0.01032508072,1
0.03531316668,0.04272314161,-0.1804754734,-0.013178844,1
0.03531316668,0.04457563907,-0.1743539721,-0.01426848583,1
0.03531316668,0.0464281328,-0.1609476358,-0.01038196217,1
0.03531316668,0.04828062654,-0.1467376351,-0.003914730158,1
0.03531316668,0.05013312027,-0.1313129961,-0.002437343821,2
0.03531316668,0.051985614,NaN,NaN,0
0.03531316668,0.05383810773,NaN,NaN,0
0.03716566041,0.001968274824,NaN,NaN,0
0.03716566041,0.003820769023,-0.2096692622,-6.845559983e-05,1
0.03716566041,0.005673262756,-0.2052472234,0.001875750837,1
0.03716566041,0.007525756955,-0.1986343414,0.002639369108,1
0.03716566041,0.009378250688,-0.1938818395,0.002502804855,1
0.03716566041,0.01123074535,-0.1906559318,0.004236200359,1
0.03716566041,0.01308323909,-0.1856523752,0.006745529361,1
0.03716566041,0.01493573282,-0.178458631,0.005837093107,1
0.03716566041,0.01678822748,-0.1717783511,0.002988135908,1
0.03716566041,0.01864072122,-0.1642842293,0.001212767442,1
0.03716566041,0.02049321495,-0.1628597379,0.001453495352,1
0.03716566041,0.02234570868,-0.1699108034,-0.001583295525,1
0.03716566041,0.02419820242,-0.1807818264,-0.01082795579,1
0.03716566041,0.02605069801,-0.1925448179,-0.01688708924,1
0.03716566041,0.02790319175,-0.2013446093,-0.01459183451,1
0.03716566041,0.02975568548,-0.2045365572,-0.008755007759,1
0.03716566041,0.03160817921,-0.2020779401,-0.005983722862,1
0.03716566041,0.03346067294,-0.1929461509,-0.007901125588,1
0.03716566041,0.03531316668,-0.1820157766,-0.01013356168,1
0.03716566041,0.03716566041,-0.1762055308,-0.009306603111,1
0.03716566041,0.03901815414,-0.1738671064,-0.007448448334,1
0.03716566041,0.04087064788,-0.1747096032,-0.008513138629,1
0.03716566041,0.04272314161,-0.1773558855,-0.01206384972,1
0.03716566041,0.04457563907,-0.1719496101,-0.01493493561,1
0.03716566041,0.0464281328,-0.1584949791,-0.01154280826,1
0.03716566041,0.04828062654,-0.1440583467,-0.003646435682,1
0.03716566041,0.05013312027,-0.1243388504,-0.002009428805,2
0.03716566041,0.051985614,NaN,NaN,0
0.03716566041,0.05383810773,NaN,NaN,0
0.03901815414,0.001968274824,NaN,NaN,0
0.03901815414,0.003820769023,-0.212318778,-0.003687303513,1
0.03901815414,0.005673262756,-0.2063540816,-0.002100010868,1
0.03901815414,0.007525756955,-0.19794707,-0.001368881785,1
0.03901815414,0.009378250688,-0.1917132586,-0.001752571552,1
0.03901815414,0.01123074535,-0.186766848,-0.0006660581566,1
0.03901815414,0.01308323909,-0.1804947704,-2.886303082e-05,1
0.03901815414,0.01493573282,-0.17386657,-0.0004126054409,1
0.03901815414,0.01678822748,-0.1679567099,-0.0006916865241,1
0.03901815414,0.01864072122,-0.1627653986,0.0007990938029,1
0.03901815414,0.02049321495,-0.1630654037,0.006315699313,1
0.03901815414,0.02234570868,-0.1696914881,0.009343941696,1
0.03901815414,0.02419820242,-0.1779525578,0.006831946783,1
0.03901815414,0.02605069801,-0.189552471,0.002280370099,1
0.03901815414,0.02790319175,-0.2002296597,-0.003308627056,1
0.03901815414,0.02975568548,-0.202681154,-0.005172547884,1
0.03901815414,0.03160817921,-0.1996319145,-0.006008011755,1
0.03901815414,0.03346067294,-0.1906526089,-0.009515928105,1
0.03901815414,0.03531316668,-0.1797486246,-0.0132281119,1
0.03901815414,0.03716566041,-0.1738749146,-0.01406376529,1
0.03901815414,0.03901815414,-0.1709271967,-0.01077830326,1
0.03901815414,0.04087064788,-0.1713204384,-0.008002655581,1
0.03901815414,0.04272314161,-0.1735536158,-0.009680554271,1
0.03901815414,0.04457563907,-0.1681455374,-0.01321370527,1
0.03901815414,0.0464281328,-0.1525611728,-0.01063779648,1
0.03901815414,0.04828062654,-0.1347211301,-0.003815521719,1
0.03901815414,0.05013312027,-0.1083222106,-0.001979448134,2
0.03901815414,0.051985614,NaN,NaN,0
0.03901815414,0.05383810773,NaN,NaN,0
0.04087064788,0.001968274824,NaN,NaN,0
0.04087064788,0.003820769023,-0.2123461217,-0.007347818464,1
0.04087064788,0.005673262756,-0.2076894343,-0.007588309236,1
0.04087064788,0.007525756955,-0.1986839473,-0.006977546494,1
0.04087064788,0.009378250688,-0.1902571768,-0.007131297141,1
0.04087064788,0.01123074535,-0.1835235655,-0.00531360833,1
0.04087064788,0.01308323909,-0.1766994447,-0.003831889946,1
0.04087064788,0.01493573282,-0.1697619408,-0.002575707156,1
0.04087064788,0.01678822748,-0.1631481946,-0.001394760446,1
0.04087064788,0.01864072122,-0.1617882401,-0.0002485348377,1
0.04087064788,0.02049321495,-0.1660780758,0.006772840396,1
0.04087064788,0.02234570868,-0.1734733433,0.01482394245,1
0.04087064788,0.02419820242,-0.1784904152,0.01548170112,1
0.04087064788,0.02605069801,-0.186835736,0.009575095028,1
0.04087064788,0.02790319175,-0.1958525777,-0.0009732689941,1
0.04087064788,0.02975568548,-0.1983228326,-0.005320802797,1
0.04087064788,0.03160817921,-0.1952194422,-0.006020969246,1
0.04087064788,0.03346067294,-0.1866600364,-0.009546587244,1
0.04087064788,0.03531316668,-0.1765256971,-0.01508933119,1
0.04087064788,0.03716566041,-0.1716808528,-0.01866069064,1
0.04087064788,0.03901815414,-0.1700300127,-0.0153600825,1
0.04087064788,0.04087064788,-0.1704140604,-0.008780162781,1
0.04087064788,0.04272314161,-0.171429038,-0.008011515252,1
0.04087064788,0.04457563907,-0.1662233919,-0.01037798636,1
0.04087064788,0.0464281328,-0.1485525966,-0.008857748471,1
0.04087064788,0.04828062654,-0.1242197007,-0.003989617806,1
0.04087064788,0.05013312027,-0.08080212027,-0.001888156869,2
0.04087064788,0.051985614,NaN,NaN,0
0.04087064788,0.05383810773,NaN,NaN,0
0.04272314161,0.001968274824,NaN,NaN,0
0.04272314161,0.003820769023,-0.2103428245,-0.007537642494,1
0.04272314161,0.005673262756,-0.2085709572,-0.009556549601,1
0.04272314161,0.007525756955,-0.2008877248,-0.009652966633,1
0.04272314161,0.009378250688,-0.1893219203,-0.00984701328,1
0.04272314161,0.01123074535,-0.1811851114,-0.007702874485,1
0.04272314161,0.01308323909,-0.1758396327,-0.004426643718,1
0.04272314161,0.01493573282,-0.1698013544,-0.0009085689671,1
0.04272314161,0.01678822748,-0.1635638475,0.001936721266,1
0.04272314161,0.01864072122,-0.1637861282,0.002840981353,1
0.04272314161,0.02049321495,-0.170709908,0.00835488271,1
0.04272314161,0.02234570868,-0.1773677915,0.01382395439,1
0.04272314161,0.02419820242,-0.1791867465,0.009739414789,1
0.04272314161,0.02605069801,-0.1857669204,0.002393220086,1
0.04272314161,0.02790319175,-0.1926412135,-0.005874028895,1
0.04272314161,0.02975568548,-0.1932088286,-0.009247607552,1
0.04272314161,0.03160817921,-0.1894052178,-0.0099737579,1
0.04272314161,0.03346067294,-0.1812301725,-0.01373928878,1
0.04272314161,0.03531316668,-0.1739533097,-0.01898465678,1
0.04272314161,0.03716566041,-0.174342379,-0.02206023224,1
0.04272314161,0.03901815414,-0.1752730757,-0.01844517142,1
0.04272314161,0.04087064788,-0.1746671498,-0.01047229394,1
0.04272314161,0.04272314161,-0.1742834896,-0.008614788763,1
0.04272314161,0.04457563907,-0.1690343767,-0.01102972683,1
0.04272314161,0.0464281328,-0.151618883,-0.009743420407,1
0.04272314161,0.04828062654,-0.1160964519,-0.00479472382,1
0.04272314161,0.05013312027,-0.04233239964,-0.001524395193,1
0.04272314161,0.051985614,NaN,NaN,0
0.04272314161,0.05383810773,NaN,NaN,0
0.04457563907,0.001968274824,NaN,NaN,0
0.04457563907,0.003820769023,-0.2063718438,-0.004190952517,1
0.04457563907,0.005673262756,-0.2062465847,-0.008084066212,1
0.04457563907,0.007525756955,-0.2010335475,-0.01032133028,1
0.04457563907,0.009378250688,-0.1898288578,-0.01082018297,1
0.04457563907,0.01123074535,-0.1805412322,-0.008629583754,1
0.04457563907,0.01308323909,-0.1757710725,-0.005250632763,1
0.04457563907,0.01493573282,-0.1717622578,-0.0007116142078,1
0.04457563907,0.01678822748,-0.1673934609,0.003932248335,1
0.04457563907,0.01864072122,-0.1688176095,0.006935150363,1
0.04457563907,0.02049321495,-0.1759279072,0.009760177694,1
0.04457563907,0.02234570868,-0.181429103,0.0102546867,1
0.04457563907,0.02419820242,-0.1812962145,0.004647559952,1
0.04457563907,0.02605069801,-0.184612602,-0.00177599478,1
0.04457563907,0.02790319175,-0.1877725422,-0.008024693467,1
0.04457563907,0.02975568548,-0.1859431118,-0.01223203633,1
0.04457563907,0.03160817921,-0.1809842139,-0.01574989595,1
0.04457563907,0.03346067294,-0.1762337983,-0.02021451108,1
0.04457563907,0.03531316668,-0.1755702496,-0.02254873514,1
0.04457563907,0.03716566041,-0.1795643419,-0.02150303312,1
0.04457563907,0.03901815414,-0.1798730195,-0.01769489236,1
0.04457563907,0.04087064788,-0.1767849773,-0.01167192031,1
0.04457563907,0.04272314161,-0.1738862395,-0.008886246942,1
0.04457563907,0.04457563907,-0.1661148518,-0.01104613766,1
0.04457563907,0.0464281328,-0.1437464356,-0.009620953351,1
0.04457563907,0.04828062654,-0.10003943,-0.002601499436,1
0.04457563907,0.05013312027,-0.02253069356,-0.0005800949293,1
0.04457563907,0.051985614,NaN,NaN,0
0.04457563907,0.05383810773,NaN,NaN,0
0.0464281328,0.001968274824,NaN,NaN,0
0.0464281328,0.003820769023,-0.2014337927,-0.001898750314,1
0.0464281328,0.005673262756,-0.2015054971,-0.006215754431,1
0.0464281328,0.007525756955,-0.1995718926,-0.009078416042,1
0.0464281328,0.009378250688,-0.1906746179,-0.009775685146,1
0.0464281328,0.01123074535,-0.1811690032,-0.008386453614,1
0.0464281328,0.01308323909,-0.1764213741,-0.006362892687,1
0.0464281328,0.01493573282,-0.1738625467,-0.00315122027,1
0.0464281328,0.01678822748,-0.1719694883,0.001389403595,1
0.0464281328,0.01864072122,-0.1727823466,0.003898253432,1
0.0464281328,0.02049321495,-0.1787936687,0.00317296898,1
0.0464281328,0.02234570868,-0.1866213232,0.001458138344,1
0.0464281328,0.02419820242,-0.1878269762,-0.0004390153626,1
0.0464281328,0.02605069801,-0.1849097311,-0.003829645226,1
0.0464281328,0.02790319175,-0.1815072596,-0.009222748689,1
0.0464281328,0.02975568548,-0.1784745157,-0.01447715517,1
0.0464281328,0.03160817921,-0.1761534959,-0.01815202832,1
0.0464281328,0.03346067294,-0.1779826581,-0.01982260309,1
0.0464281328,0.03531316668,-0.1843416542,-0.01891571097,1
0.0464281328,0.03716566041,-0.1860022098,-0.01674213074,1
0.0464281328,0.03901815414,-0.1819300056,-0.01560929604,1
0.0464281328,0.04087064788,-0.175041765,-0.01361769903,1
0.0464281328,0.04272314161,-0.1663260162,-0.01076634601,1
0.0464281328,0.04457563907,-0.1547682136,-0.01297308691,1
0.0464281328,0.0464281328,-0.1325795501,-0.0131831523,1
0.0464281328,0.04828062654,-0.08671911806,-0.005683735479,2
0.0464281328,0.05013312027,-0.01393047627,-0.001353632775,1
0.0464281328,0.051985614,NaN,NaN,0
0.0464281328,0.05383810773,NaN,NaN,0
0.04828062654,0.001968274824,NaN,NaN,0
0.04828062654,0.003820769023,-0.1980372816,-0.00145715801,1
0.04828062654,0.005673262756,-0.1981615275,-0.003670393024,1
0.04828062654,0.007525756955,-0.1981451809,-0.004638887476,1
0.04828062654,0.009378250688,-0.1913317591,-0.005808766466,1
0.04828062654,0.01123074535,-0.1822365373,-0.005934863817,1
0.04828062654,0.01308323909,-0.1766460389,-0.005615895614,1
0.04828062654,0.01493573282,-0.173420921,-0.004402314778,1
0.04828062654,0.01678822748,-0.1713550687,-0.002298682462,1
0.04828062654,0.01864072122,-0.1703481823,-0.003154794686,1
0.04828062654,0.02049321495,-0.1752811372,-0.006595038343,1
0.04828062654,0.02234570868,-0.1859527677,-0.008759827353,1
0.04828062654,0.02419820242,-0.1895650327,-0.009575777687,1
0.04828062654,0.02605069801,-0.1849411428,-0.01012817863,1
0.04828062654,0.02790319175,-0.1778059751,-0.01127819438,1
0.04828062654,0.02975568548,-0.1749519557,-0.01260045357,1
0.04828062654,0.03160817921,-0.1770687401,-0.01385824941,1
0.04828062654,0.03346067294,-0.1834148765,-0.01316665858,1
0.04828062654,0.03531316668,-0.1909427345,-0.01233369298,1
0.04828062654,0.03716566041,-0.1893595755,-0.01199661288,1
0.04828062654,0.03901815414,-0.1817927361,-0.01354474295,1
0.04828062654,0.04087064788,-0.1744360626,-0.01345226727,1
0.04828062654,0.04272314161,-0.1647993475,-0.01103026792,1
0.04828062654,0.04457563907,-0.1513514221,-0.01112656202,1
0.04828062654,0.0464281328,-0.128035292,-0.01156886946,1
0.04828062654,0.04828062654,-0.08990047127,-0.00608599605,1
0.04828062654,0.05013312027,-0.01551461685,-0.001652204664,1
0.04828062654,0.051985614,NaN,NaN,0
0.04828062654,0.05383810773,NaN,NaN,0
0.05013312027,0.001968274824,NaN,NaN,0
0.05013312027,0.003820769023,-0.1977551132,5.218552542e-05,1
0.05013312027,0.005673262756,-0.198080346,0.0003457896528,1
0.05013312027,0.007525756955,-0.1961215287,0.0009060746524,1
0.05013312027,0.009378250688,-0.1913307905,-0.0001300893055,1
0.05013312027,0.01123074535,-0.1843158752,-0.0007498912164,1
0.05013312027,0.01308323909,-0.1769082993,-0.001899351482,1
0.05013312027,0.01493573282,-0.1716715842,-0.003004459199,1
0.05013312027,0.01678822748,-0.1676862687,-0.004608456045,1
0.05013312027,0.01864072122,-0.1656535715,-0.009106306359,1
0.05013312027,0.02049321495,-0.1711990386,-0.01433603559,1
0.05013312027,0.02234570868,-0.1832545102,-0.01705912314,1
0.05013312027,0.02419820242,-0.189438045,-0.01796500385,1
0.05013312027,0.02605069801,-0.1867179275,-0.01657484844,1
0.05013312027,0.02790319175,-0.1796248406,-0.0119203981,1
0.05013312027,0.02975568548,-0.1772774756,-0.007482938468,1
0.05013312027,0.03160817921,-0.1808113307,-0.00560108386,1
0.05013312027,0.03346067294,-0.1867350787,-0.005390740931,1
0.05013312027,0.03531316668,-0.1900959462,-0.005854811054,1
0.05013312027,0.03716566041,-0.1880079359,-0.006689851172,1
0.05013312027,0.03901815414,-0.1818980277,-0.007428078912,1
0.05013312027,0.04087064788,-0.1755072922,-0.007520069368,1
0.05013312027,0.04272314161,-0.168292135,-0.006876272149,1
0.05013312027,0.04457563907,-0.1549231559,-0.005545603111,1
0.05013312027,0.0464281328,-0.1256011128,-0.006143737119,1
0.05013312027,0.04828062654,-0.08194392174,-0.004259616602,1
0.05013312027,0.05013312027,-0.01494302414,-0.0009350703331,1
0.05013312027,0.051985614,NaN,NaN,0
0.05013312027,0.05383810773,NaN,NaN,0
0.051985614,0.001968274824,NaN,NaN,0
0.051985614,0.003820769023,-0.1988572031,0.001427251729,1
0.051985614,0.005673262756,-0.1985579133,0.003541789483,1
0.051985614,0.007525756955,-0.1953222156,0.004525168799,1
0.051985614,0.009378250688,-0.1909773946,0.004403797444,1
0.051985614,0.01123074535,-0.184342742,0.003565402469,1
0.051985614,0.01308323909,-0.1762183607,0.00190109876,1
0.051985614,0.01493573282,-0.1691485345,-0.00109980593,1
0.051985614,0.01678822748,-0.1632533371,-0.005760638975,1
0.051985614,0.01864072122,-0.1618678272,-0.01238850038,1
0.051985614,0.02049321495,-0.168363899,-0.01746197417,1
0.051985614,0.02234570868,-0.1796239913,-0.01905632578,1
0.051985614,0.02419820242,-0.1871882081,-0.01896690205,1
0.051985614,0.02605069801,-0.1881250888,-0.01628235541,1
0.051985614,0.02790319175,-0.1849018931,-0.01115504,1
0.051985614,0.02975568548,-0.1819341034,-0.006106191315,1
0.051985614,0.03160817921,-0.1824851632,-0.003430457553,1
0.051985614,0.03346067294,-0.1848545223,-0.002916086931,1
0.051985614,0.03531316668,-0.1859154999,-0.002907672664,1
0.051985614,0.03716566041,-0.1857327223,-0.002942133229,1
0.051985614,0.03901815414,-0.1823574901,-0.001740337233,1
0.051985614,0.04087064788,-0.1774412096,-0.0005127475015,1
0.051985614,0.04272314161,-0.1730193198,0.000162119657,1
0.051985614,0.04457563907,-0.161089316,0.0005983512383,1
0.051985614,0.0464281328,-0.1288272738,-0.0008812450687,1
0.051985614,0.04828062654,-0.06787313521,-0.001702678041,1
0.051985614,0.05013312027,-0.007439994253,-0.0004136926727,1
0.051985614,0.051985614,NaN,NaN,0
0.051985614,0.05383810773,NaN,NaN,0
0.05383810773,0.001968274824,NaN,NaN,0
0.05383810773,0.003820769023,-0.1997554749,0.001127868774,1
0.05383810773,0.005673262756,-0.1972952932,0.003916125745,1
0.05383810773,0.007525756955,-0.193363592,0.005697352812,1
0.05383810773,0.009378250688,-0.1894398928,0.007231612224,1
0.05383810773,0.01123074535,-0.1844984144,0.007004966494,1
0.05383810773,0.01308323909,-0.176338017,0.005705328193,1
0.05383810773,0.01493573282,-0.1663611382,0.001089557773,1
0.05383810773,0.01678822748,-0.1578926593,-0.006068867631,1
0.05383810773,0.01864072122,-0.1565857828,-0.01407938357,1
0.05383810773,0.02049321495,-0.1640422493,-0.01855739206,1
0.05383810773,0.02234570868,-0.1761864424,-0.01976080425,1
0.05383810773,0.02419820242,-0.1844083667,-0.02037654817,1
0.05383810773,0.02605069801,-0.1854093671,-0.01860728301,1
0.05383810773,0.02790319175,-0.1832647324,-0.01502900943,1
0.05383810773,0.02975568548,-0.1804870069,-0.01090369746,1
0.05383810773,0.03160817921,-0.1785470247,-0.006944376044,1
0.05383810773,0.03346067294,-0.1790961176,-0.00421363255,1
0.05383810773,0.03531316668,-0.1818255633,-0.002762169344,1
0.05383810773,0.03716566041,-0.1840360016,-0.001581152319,1
0.05383810773,0.03901815414,-0.1824853867,0.00119867886,1
0.05383810773,0.04087064788,-0.1780335754,0.003500128631,1
0.05383810773,0.04272314161,-0.1742695421,0.005168525502,1
0.05383810773,0.04457563907,-0.1609406173,0.004512615968,1
0.05383810773,0.0464281328,-0.119166851,0.001422917354,1
0.05383810773,0.04828062654,-0.03012599424,-9.616847092e-05,1
0.05383810773,0.05013312027,0.00325123989,-0.0005607212661,1
0.05383810773,0.051985614,NaN,NaN,0
0.05383810773,0.05383810773,NaN,NaN,0
0.05569060147,0.001968274824,NaN,NaN,0
0.05569060147,0.003820769023,-0.2013779134,-0.002180148382,1
0.05569060147,0.005673262756,-0.1977561116,-0.0002001011308,1
0.05569060147,0.007525756955,-0.1928712428,0.003381888149,1
0.05569060147,0.009378250688,-0.1894145608,0.007373917848,1
0.05569060147,0.01123074535,-0.1858721524,0.00819046516,1
0.05569060147,0.01308323909,-0.1757655442,0.006802375894,1
0.05569060147,0.01493573282,-0.1622241139,0.001191402669,1
0.05569060147,0.01678822748,-0.151856333,-0.006544488017,1
0.05569060147,0.01864072122,-0.1511728019,-0.01448084321,1
0.05569060147,0.02049321495,-0.1601088941,-0.01907562278,1
0.05569060147,0.02234570868,-0.174288854,-0.02116020583,1
0.05569060147,0.02419820242,-0.1836816669,-0.02576875873,1
0.05569060147,0.02605069801,-0.1842431575,-0.02696522512,1
0.05569060147,0.02790319175,-0.1810025573,-0.02417530678,1
0.05569060147,0.02975568548,-0.1774994135,-0.01821547747,1
0.05569060147,0.03160817921,-0.1739397049,-0.01101429667,1
0.05569060147,0.03346067294,-0.1734997034,-0.006716722157,1
0.05569060147,0.03531316668,-0.1784140021,-0.006190156098,1
0.05569060147,0.03716566041,-0.1815948635,-0.006584887393,1
0.05569060147,0.03901815414,-0.1793033034,-0.004022124223,1
0.05569060147,0.04087064788,-0.1739922464,0.0001305643673,1
0.05569060147,0.04272314161,-0.1695245951,0.003910275176,1
0.05569060147,0.04457563907,-0.1542064846,0.003142667236,1
0.05569060147,0.0464281328,-0.1124948636,-0.0002959693666,1
0.05569060147,0.04828062654,-0.02250060439,-0.0008497406961,1
0.05569060147,0.05013312027,0.004330180585,-0.001299932483,1
0.05569060147,0.051985614,NaN,NaN,0
0.05569060147,0.05383810773,NaN,NaN,0
0.0575430952,0.001968274824,NaN,NaN,0
0.0575430952,0.003820769023,-0.2031805366,-0.008830741048,1
0.0575430952,0.005673262756,-0.2005474865,-0.009554884396,1
0.0575430952,0.007525756955,-0.1977776885,-0.004620047752,1
0.0575430952,0.009378250688,-0.1948059797,0.00199983432,1
0.0575430952,0.01123074535,-0.1874746233,0.00415275991,1
0.0575430952,0.01308323909,-0.1734524369,0.002390644513,1
0.0575430952,0.01493573282,-0.1577527225,-0.002502475865,1
0.0575430952,0.01678822748,-0.1476260573,-0.008944270201,1
0.0575430952,0.01864072122,-0.1476641744,-0.01481436193,1
0.0575430952,0.02049321495,-0.1570081413,-0.01778984815,1
0.0575430952,0.02234570868,-0.1734897941,-0.01834469847,1
0.0575430952,0.02419820242,-0.184986949,-0.02541120537,1
0.0575430952,0.02605069801,-0.1871705353,-0.02919184789,1
0.0575430952,0.02790319175,-0.1838799864,-0.02676560357,1
0.0575430952,0.02975568548,-0.1809295714,-0.02020924166,1
0.0575430952,0.03160817921,-0.1766704023,-0.01383360755,1
0.0575430952,0.03346067294,-0.1728285104,-0.01052831952,1
0.0575430952,0.03531316668,-0.1757843792,-0.01292435545,1
0.0575430952,0.03716566041,-0.1780838221,-0.01680203341,1
0.0575430952,0.03901815414,-0.1747405231,-0.01604491286,1
0.0575430952,0.04087064788,-0.1675632447,-0.011207195,1
0.0575430952,0.04272314161,-0.1602113545,-0.00497117592,1
0.0575430952,0.04457563907,-0.1433864683,-0.002769712592,1
0.0575430952,0.0464281328,-0.105901219,-0.003313303459,1
0.0575430952,0.04828062654,-0.02979010344,-0.0005967587349,1
0.0575430952,0.05013312027,-0.002069552429,-0.0002789479622,1
0.0575430952,0.051985614,NaN,NaN,0
0.0575430952,0.05383810773,NaN,NaN,0
0.05939558893,0.001968274824,NaN,NaN,0
0.05939558893,0.003820769023,-0.2024943233,-0.01323522348,1
0.05939558893,0.005673262756,-0.2031254768,-0.01557748485,1
0.05939558893,0.007525756955,-0.2041006237,-0.01249409374,1
0.05939558893,0.009378250688,-0.2006421089,-0.007903805934,1
0.05939558893,0.01123074535,-0.188463673,-0.006668460555,1
0.05939558893,0.01308323909,-0.1721546948,-0.008080319501,1
0.05939558893,0.01493573282,-0.1563640386,-0.01042288169,1
0.05939558893,0.01678822748,-0.1472751349,-0.01283205487,1
0.05939558893,0.01864072122,-0.1479862481,-0.01308248378,1
0.05939558893,0.02049321495,-0.1563839912,-0.01120049134,1
0.05939558893,0.02234570868,-0.1727666557,-0.009547024965,1
0.05939558893,0.02419820242,-0.1867225766,-0.01517956425,1
0.05939558893,0.02605069801,-0.1923535317,-0.01897602528,1
0.05939558893,0.02790319175,-0.1906217933,-0.01734665409,1
0.05939558893,0.02975568548,-0.1878116578,-0.0155310547,1
0.05939558893,0.03160817921,-0.1853371561,-0.01685399935,1
0.05939558893,0.03346067294,-0.1774473339,-0.01702914201,1
0.05939558893,0.03531316668,-0.1749701947,-0.02029166743,1
0.05939558893,0.03716566041,-0.1746408939,-0.02486333996,1
0.05939558893,0.03901815414,-0.1709473431,-0.02547548339,1
0.05939558893,0.04087064788,-0.1640080363,-0.02173453942,1
0.05939558893,0.04272314161,-0.1557428688,-0.01422053948,1
0.05939558893,0.04457563907,-0.1405815184,-0.008255200461,1
0.05939558893,0.0464281328,-0.1063232049,-0.004413070623,1
0.05939558893,0.04828062654,-0.03364462778,-0.0001942146191,1
0.05939558893,0.05013312027,-0.007108985446,0.0004834909341,1
0.05939558893,0.051985614,NaN,NaN,0
0.05939558893,0.05383810773,NaN,NaN,0
0.06124808267,0.001968274824,NaN,NaN,0
0.06124808267,0.003820769023,-0.2008252293,-0.01245607901,1
0.06124808267,0.005673262756,-0.2033183128,-0.01561520901,1
0.06124808267,0.007525756955,-0.2054493427,-0.01725615561,1
0.06124808267,0.009378250688,-0.2009970397,-0.0192420762,1
0.06124808267,0.01123074535,-0.1866147965,-0.02140697278,1
0.06124808267,0.01308323909,-0.1709792614,-0.02094632201,1
0.06124808267,0.01493573282,-0.1581653357,-0.01825433411,1
0.06124808267,0.01678822748,-0.1525374651,-0.01445347443,1
0.06124808267,0.01864072122,-0.1534274518,-0.007966827601,1
0.06124808267,0.02049321495,-0.1597838551,-0.002022110624,1
0.06124808267,0.02234570868,-0.173902154,0.0001587902807,1
0.06124808267,0.02419820242,-0.1886578202,-0.00332576409,1
0.06124808267,0.02605069801,-0.1950506717,-0.00683483528,1
0.06124808267,0.02790319175,-0.1933461875,-0.007979584858,1
0.06124808267,0.02975568548,-0.1904542446,-0.01012210082,1
0.06124808267,0.03160817921,-0.1905464679,-0.01748449542,1
0.06124808267,0.03346067294,-0.1812801957,-0.02253591642,1
0.06124808267,0.03531316668,-0.1742201447,-0.02507921122,1
0.06124808267,0.03716566041,-0.1703575253,-0.02748493664,1
0.06124808267,0.03901815414,-0.1660098135,-0.02827801555,1
0.06124808267,0.04087064788,-0.1617250443,-0.02521928214,1
0.06124808267,0.04272314161,-0.1567939073,-0.01744090207,1
0.06124808267,0.04457563907,-0.1455486566,-0.008964466862,1
0.06124808267,0.0464281328,-0.1160549447,-0.003376194742,1
0.06124808267,0.04828062654,-0.03998339921,-0.0007743124152,1
0.06124808267,0.05013312027,-0.005056600552,-0.0005391588784,1
0.06124808267,0.051985614,NaN,NaN,0
0.06124808267,0.05383810773,NaN,NaN,0
0.0631005764,0.001968274824,NaN,NaN,0
0.0631005764,0.003820769023,-0.1980986595,-0.009776936844,1
0.0631005764,0.005673262756,-0.2002872378,-0.01266119815,1
0.0631005764,0.007525756955,-0.199614957,-0.01675293408,1
0.0631005764,0.009378250688,-0.1943257451,-0.02237297222,1
0.0631005764,0.01123074535,-0.1841534525,-0.02727320977,1
0.0631005764,0.01308323909,-0.1727810055,-0.02555761673,1
0.0631005764,0.01493573282,-0.1640436053,-0.01852926798,1
0.0631005764,0.01678822748,-0.1607081741,-0.01065637544,1
0.0631005764,0.01864072122,-0.1616142094,-0.001459385036,1
0.0631005764,0.02049321495,-0.1658813804,0.005183127709,1
0.0631005764,0.02234570868,-0.1771125644,0.00535837654,1
0.0631005764,0.02419820242,-0.188628763,0.001314083231,1
0.0631005764,0.02605069801,-0.1925525963,-0.001522344537,1
0.0631005764,0.02790319175,-0.1926364005,-0.002112552058,1
0.0631005764,0.02975568548,-0.1952184886,-0.0008113484364,1
0.0631005764,0.03160817921,-0.1944419593,-0.006732656155,1
0.0631005764,0.03346067294,-0.1834342033,-0.01896785758,1
0.0631005764,0.03531316668,-0.1726962924,-0.02461085096,1
0.0631005764,0.03716566041,-0.1666441411,-0.02634781972,1
0.0631005764,0.03901815414,-0.1645671725,-0.02657189593,1
0.0631005764,0.04087064788,-0.1631890833,-0.0231020879,1
0.0631005764,0.04272314161,-0.1611980349,-0.0162905883,1
0.0631005764,0.04457563907,-0.1533089429,-0.008287557401,1
0.0631005764,0.0464281328,-0.1351120323,-0.002859644592,1
0.0631005764,0.04828062654,-0.08715030551,-0.0009372913628,1
0.0631005764,0.05013312027,-0.01221690699,-0.001188155613,1
0.0631005764,0.051985614,NaN,NaN,0
0.0631005764,0.05383810773,NaN,NaN,0
0.06495307386,0.001968274824,NaN,NaN,0
0.06495307386,0.003820769023,-0.1964486688,-0.009015707299,1
0.06495307386,0.005673262756,-0.1979476213,-0.011144761,1
0.06495307386,0.007525756955,-0.1956788152,-0.01381942909,1
0.06495307386,0.009378250688,-0.1915355176,-0.01817393117,1
0.06495307386,0.01123074535,-0.1864524782,-0.02222237177,1
0.06495307386,0.01308323909,-0.1806037128,-0.01957415789,1
0.06495307386,0.01493573282,-0.1742649972,-0.01162900403,1
0.06495307386,0.01678822748,-0.1693856269,-0.002732758177,1
0.06495307386,0.01864072122,-0.1673222482,0.005448696204,1
0.06495307386,0.02049321495,-0.1701753587,0.009605725296,1
0.06495307386,0.02234570868,-0.1785130948,0.007139435969,1
0.06495307386,0.02419820242,-0.1865825057,0.002416239353,1
0.06495307386,0.02605069801,-0.1901374757,-0.0001435076701,1
0.06495307386,0.02790319175,-0.1924627721,0.0009439858259,1
0.06495307386,0.02975568548,-0.1982697695,0.003511291696,1
0.06495307386,0.03160817921,-0.1967947036,-0.001498380327,1
0.06495307386,0.03346067294,-0.1842853874,-0.01397266611,1
0.06495307386,0.03531316668,-0.171342954,-0.02056245692,1
0.06495307386,0.03716566041,-0.1655205637,-0.02306701988,1
0.06495307386,0.03901815414,-0.166949749,-0.02299312316,1
0.06495307386,0.04087064788,-0.1691025048,-0.02009028196,1
0.06495307386,0.04272314161,-0.1674857587,-0.01487754844,1
0.06495307386,0.04457563907,-0.1578160077,-0.00841208268,1
0.06495307386,0.0464281328,-0.1426289827,-0.004224309698,1
0.06495307386,0.04828062654,-0.1064832434,-0.002154670656,1
0.06495307386,0.05013312027,-0.01767769828,-0.001606413862,1
0.06495307386,0.051985614,NaN,NaN,0
0.06495307386,0.05383810773,NaN,NaN,0
0.06680556387,0.001968274824,NaN,NaN,0
0.06680556387,0.003820769023,-0.1947432905,-0.009839940816,1
0.06680556387,0.005673262756,-0.1964604408,-0.01130221784,1
0.06680556387,0.007525756955,-0.1942016631,-0.01232292037,1
0.06680556387,0.009378250688,-0.1918435842,-0.01374983881,1
0.06680556387,0.01123074535,-0.1907577962,-0.01513350103,1
0.06680556387,0.01308323909,-0.1890604943,-0.01227902062,1
0.06680556387,0.01493573282,-0.185286358,-0.005505701993,1
0.06680556387,0.01678822748,-0.1788040847,0.002726791892,1
0.06680556387,0.01864072122,-0.1724007875,0.009785565548,1
0.06680556387,0.02049321495,-0.1714993417,0.01231706515,1
0.06680556387,0.02234570868,-0.1752756834,0.009303444996,1
0.06680556387,0.02419820242,-0.1822223812,0.003854851704,1
0.06680556387,0.02605069801,-0.1899702847,0.0009661723161,1
0.06680556387,0.02790319175,-0.1937617511,0.001027768478,1
0.06680556387,0.02975568548,-0.1965179145,0.0006586706731,1
0.06680556387,0.03160817921,-0.1932292283,-0.00510416599,1
0.06680556387,0.03346067294,-0.1822678745,-0.01396236569,1
0.06680556387,0.03531316668,-0.1708530635,-0.01852786541,1
0.06680556387,0.03716566041,-0.166145727,-0.02180469595,1
0.06680556387,0.03901815414,-0.1681537479,-0.02135560289,1
0.06680556387,0.04087064788,-0.1724204272,-0.01723226532,1
0.06680556387,0.04272314161,-0.1728206724,-0.0123766372,1
0.06680556387,0.04457563907,-0.1608966589,-0.008169299923,1
0.06680556387,0.0464281328,-0.1448058039,-0.006100560538,1
0.06680556387,0.04828062654,-0.1136299744,-0.004185847938,1
0.06680556387,0.05013312027,-0.02901644818,-0.002385741333,1
0.06680556387,0.051985614,NaN,NaN,0
0.06680556387,0.05383810773,NaN,NaN,0
0.06865806133,0.001968274824,NaN,NaN,0
0.06865806133,0.003820769023,-0.1938807666,-0.0106170252,1
0.06865806133,0.005673262756,-0.1958782375,-0.01023770962,1
0.06865806133,0.007525756955,-0.1946986169,-0.01033856627,1
0.06865806133,0.009378250688,-0.1937625408,-0.009565768763,1
0.06865806133,0.01123074535,-0.1951409131,-0.008829372004,1
0.06865806133,0.01308323909,-0.1957441717,-0.006461040117,1
0.06865806133,0.01493573282,-0.1936472207,-0.001894165995,1
0.06865806133,0.01678822748,-0.186773181,0.004385824315,1
0.06865806133,0.01864072122,-0.1767570227,0.01007245295,1
0.06865806133,0.02049321495,-0.1711133868,0.01331129204,1
0.06865806133,0.02234570868,-0.1703439206,0.0109529458,1
0.06865806133,0.02419820242,-0.1769789159,0.003509050235,1
0.06865806133,0.02605069801,-0.1860304326,-0.0008231116808,1
0.06865806133,0.02790319175,-0.1898369491,-0.002572245197,1
0.06865806133,0.02975568548,-0.1897978783,-0.006340185646,1
0.06865806133,0.03160817921,-0.1852558106,-0.01357408427,1
0.06865806133,0.03346067294,-0.1771453619,-0.02006054483,1
0.06865806133,0.03531316668,-0.169936657,-0.02245924808,1
0.06865806133,0.03716566041,-0.1670860648,-0.02524917945,1
0.06865806133,0.03901815414,-0.1690168083,-0.02381302416,1
0.06865806133,0.04087064788,-0.1720702201,-0.01719204895,1
0.06865806133,0.04272314161,-0.1706217527,-0.01054478996,1
0.06865806133,0.04457563907,-0.1582748145,-0.00746233575,1
0.06865806133,0.0464281328,-0.1395124346,-0.006460790988,1
0.06865806133,0.04828062654,-0.1156123579,-0.004898154642,1
0.06865806133,0.05013312027,-0.06416162848,-0.002925530076,2
0.06865806133,0.051985614,NaN,NaN,0
0.06865806133,0.05383810773,NaN,NaN,0
0.07051055133,0.001968274824,NaN,NaN,0
0.07051055133,0.003820769023,-0.1962306201,-0.00930434186,1
0.07051055133,0.005673262756,-0.1971479505,-0.007826523855,1
0.07051055133,0.007525756955,-0.1964330822,-0.007995468564,1
0.07051055133,0.009378250688,-0.1953853518,-0.007282441948,1
0.07051055133,0.01123074535,-0.1969451904,-0.00627524592,1
0.07051055133,0.01308323909,-0.1993432045,-0.003835518844,1
0.07051055133,0.01493573282,-0.1992180794,-0.0001686758915,1
0.07051055133,0.01678822748,-0.1921314299,0.004082231317,1
0.07051055133,0.01864072122,-0.179208979,0.008706968278,1
0.07051055133,0.02049321495,-0.1707858592,0.01280498505,1
0.07051055133,0.02234570868,-0.1680212468,0.01053278521,1
0.07051055133,0.02419820242,-0.1718505919,0.001810740097,1
0.07051055133,0.02605069801,-0.1779157072,-0.004138104618,1
0.07051055133,0.02790319175,-0.181185171,-0.008338206448,1
0.07051055133,0.02975568548,-0.1807685494,-0.01503089163,1
0.07051055133,0.03160817921,-0.1772782803,-0.02252554707,1
0.07051055133,0.03346067294,-0.1726698279,-0.02668763511,1
0.07051055133,0.03531316668,-0.1683582366,-0.02757790871,1
0.07051055133,0.03716566041,-0.1672998816,-0.03007023409,1
0.07051055133,0.03901815414,-0.1706279814,-0.02887530066,1
0.07051055133,0.04087064788,-0.1725151241,-0.02211345732,1
0.07051055133,0.04272314161,-0.1678352207,-0.01358772721,1
0.07051055133,0.04457563907,-0.1523617804,-0.008310278878,1
0.07051055133,0.0464281328,-0.131245181,-0.004348575138,1
0.07051055133,0.04828062654,-0.1149141192,-0.00243743998,1
0.07051055133,0.05013312027,-0.08505878597,-0.001722037676,2
0.07051055133,0.051985614,NaN,NaN,0
0.07051055133,0.05383810773,NaN,NaN,0
0.07236304879,0.001968274824,NaN,NaN,0
0.07236304879,0.003820769023,-0.2001709491,-0.007760175038,1
0.07236304879,0.005673262756,-0.2010329217,-0.005611648783,1
0.07236304879,0.007525756955,-0.1979758888,-0.006913003512,1
0.07236304879,0.009378250688,-0.1935593784,-0.009695681743,1
0.07236304879,0.01123074535,-0.1938153356,-0.01022103708,1
0.07236304879,0.01308323909,-0.1987328678,-0.005306147505,1
0.07236304879,0.01493573282,-0.2007642239,-0.0006932088872,1
0.07236304879,0.01678822748,-0.1935846657,0.002044558292,1
0.07236304879,0.01864072122,-0.1808159649,0.006102854852,1
0.07236304879,0.02049321495,-0.171289131,0.01007134281,1
0.07236304879,0.02234570868,-0.1666549742,0.006859480869,1
0.07236304879,0.02419820242,-0.1652280539,-0.001718151616,1
0.07236304879,0.02605069801,-0.167132467,-0.009608208202,1
0.07236304879,0.02790319175,-0.1720589399,-0.01643160917,1
0.07236304879,0.02975568548,-0.1756024808,-0.02331754193,1
0.07236304879,0.03160817921,-0.1753906012,-0.02977316827,1
0.07236304879,0.03346067294,-0.1731452793,-0.03332753107,1
0.07236304879,0.03531316668,-0.1693495363,-0.03389753029,1
0.07236304879,0.03716566041,-0.1684823483,-0.03495909274,1
0.07236304879,0.03901815414,-0.1714986563,-0.03617219627,1
0.07236304879,0.04087064788,-0.1717693508,-0.03076709621,1
0.07236304879,0.04272314161,-0.1635048985,-0.01978154294,1
0.07236304879,0.04457563907,-0.1450408995,-0.01059603505,1
0.07236304879,0.0464281328,-0.1269622147,-0.001412132289,1
0.07236304879,0.04828062654,-0.1151661873,0.001518596895,1
0.07236304879,0.05013312027,-0.09348460287,0.0002749100386,2
0.07236304879,0.051985614,NaN,NaN,0
0.07236304879,0.05383810773,NaN,NaN,0
