PIVlab, ASCII chart output - 08-Oct-2024
FRAME: 226, filenames: A: Basler_acA640-750um__24761715__20241004_145722425_0450.bmp & B: Basler_acA640-750um__24761715__20241004_145722425_0451.bmp, conversion factor xy (px -> m): 0.00011578, conversion factor uv (px/frame -> m/s): 0.034769
x [m],y [m],u [m/s],v [m/s],Vector type [-]
0.001968274824,0.001968274824,NaN,NaN,0
0.001968274824,0.003820769023,-0.1869475693,0.005893286783,1
0.001968274824,0.005673262756,-0.1856734604,0.005322892219,1
0.001968274824,0.007525756955,-0.1874441653,0.004261858761,1
0.001968274824,0.009378250688,-0.1900264025,0.001931958715,1
0.001968274824,0.01123074535,-0.1890054792,-0.0009497331921,1
0.001968274824,0.01308323909,-0.1877088547,-0.004330012482,1
0.001968274824,0.01493573282,-0.1894565374,-0.006943768356,1
0.001968274824,0.01678822748,-0.1916079819,-0.009077961557,1
0.001968274824,0.01864072122,-0.1930214316,-0.01086485572,1
0.001968274824,0.02049321495,-0.1901017725,-0.01394330524,1
0.001968274824,0.02234570868,-0.1863771081,-0.01680404879,1
0.001968274824,0.02419820242,-0.1809428334,-0.01738119684,1
0.001968274824,0.02605069801,-0.1775797307,-0.01794905402,1
0.001968274824,0.02790319175,-0.1760650277,-0.02095607668,1
0.001968274824,0.02975568548,-0.1792659014,-0.02641871758,1
0.001968274824,0.03160817921,-0.1841124445,-0.03077255189,1
0.001968274824,0.03346067294,-0.1825177521,-0.03196413815,1
0.001968274824,0.03531316668,-0.17732054,-0.0274871178,1
0.001968274824,0.03716566041,-0.1715379953,-0.01898358203,1
0.001968274824,0.03901815414,-0.165795505,-0.01133557223,1
0.001968274824,0.04087064788,-0.1647099555,-0.006273778621,1
0.001968274824,0.04272314161,-0.1683000773,-0.003743081586,1
0.001968274824,0.04457563907,-0.1599881202,-0.005343174562,1
0.001968274824,0.0464281328,-0.124556385,-0.009885007516,1
0.001968274824,0.04828062654,-0.06055066362,-0.005056246649,1
0.001968274824,0.05013312027,-0.02549650148,-0.002568526193,1
0.001968274824,0.051985614,NaN,NaN,0
0.001968274824,0.05383810773,NaN,NaN,0
0.003820769023,0.001968274824,NaN,NaN,0
0.003820769023,0.003820769023,-0.1871072501,-0.0005385435652,1
0.003820769023,0.005673262756,-0.1873255074,-0.001052042237,1
0.003820769023,0.007525756955,-0.1887480021,0.0001860922202,1
0.003820769023,0.009378250688,-0.1903581917,0.000633255986,1
0.003820769023,0.01123074535,-0.1895631403,-0.000644219399,1
0.003820769023,0.01308323909,-0.1862849295,-0.003581513185,1
0.003820769023,0.01493573282,-0.1851383299,-0.008309043944,1
0.003820769023,0.01678822748,-0.1852381676,-0.01149067748,1
0.003820769023,0.01864072122,-0.1862720251,-0.01297617145,1
0.003820769023,0.02049321495,-0.1881542504,-0.01702275686,1
0.003820769023,0.02234570868,-0.1896549463,-0.02231123857,1
0.003820769023,0.02419820242,-0.1877648234,-0.02354616299,1
0.003820769023,0.02605069801,-0.1840887964,-0.02204144374,1
0.003820769023,0.02790319175,-0.1805371195,-0.0227206517,1
0.003820769023,0.02975568548,-0.1817078292,-0.02598674037,1
0.003820769023,0.03160817921,-0.1862148494,-0.02876859903,1
0.003820769023,0.03346067294,-0.184977293,-0.02944664471,1
0.003820769023,0.03531316668,-0.1792529672,-0.02705739066,1
0.003820769023,0.03716566041,-0.1755494177,-0.02170442976,1
0.003820769023,0.03901815414,-0.1723193675,-0.01517295372,1
0.003820769023,0.04087064788,-0.1694926769,-0.009351376444,1
0.003820769023,0.04272314161,-0.1695351303,-0.005732884631,1
0.003820769023,0.04457563907,-0.1589991301,-0.005134231877,1
0.003820769023,0.0464281328,-0.1186424792,-0.007335956674,1
0.003820769023,0.04828062654,-0.04141180217,-0.004496408161,1
0.003820769023,0.05013312027,-0.001733538113,-0.00414733449,1
0.003820769023,0.051985614,NaN,NaN,0
0.003820769023,0.05383810773,NaN,NaN,0
0.005673262756,0.001968274824,NaN,NaN,0
0.005673262756,0.003820769023,-0.1870313138,-0.003995562438,1
0.005673262756,0.005673262756,-0.1888889968,-0.004912395962,1
0.005673262756,0.007525756955,-0.1906538457,-0.002085414948,1
0.005673262756,0.009378250688,-0.1921811104,0.0007196520455,1
0.005673262756,0.01123074535,-0.1908891648,0.0004495948378,1
0.005673262756,0.01308323909,-0.1842846125,-0.002798540285,1
0.005673262756,0.01493573282,-0.1814846992,-0.007889700122,1
0.005673262756,0.01678822748,-0.1811954975,-0.0113246832,1
0.005673262756,0.01864072122,-0.182218805,-0.01352534723,1
0.005673262756,0.02049321495,-0.1861171126,-0.01841485687,1
0.005673262756,0.02234570868,-0.1903059781,-0.02463776059,1
0.005673262756,0.02419820242,-0.1918149889,-0.02727553435,1
0.005673262756,0.02605069801,-0.1908924729,-0.02654158138,1
0.005673262756,0.02790319175,-0.1871153861,-0.02570010349,1
0.005673262756,0.02975568548,-0.1852336526,-0.02444280498,1
0.005673262756,0.03160817921,-0.186973989,-0.02403215319,1
0.005673262756,0.03346067294,-0.1848248392,-0.02480605617,1
0.005673262756,0.03531316668,-0.1792649329,-0.02451241016,1
0.005673262756,0.03716566041,-0.1778463423,-0.02243119664,1
0.005673262756,0.03901815414,-0.1769377589,-0.01777678542,1
0.005673262756,0.04087064788,-0.1745907962,-0.0129949227,1
0.005673262756,0.04272314161,-0.1711209863,-0.009082748555,1
0.005673262756,0.04457563907,-0.1570483297,-0.007653678767,1
0.005673262756,0.0464281328,-0.1230853721,-0.007106068078,1
0.005673262756,0.04828062654,-0.06968806684,-0.003748361254,1
0.005673262756,0.05013312027,-0.005680107977,-0.004745829385,1
0.005673262756,0.051985614,NaN,NaN,0
0.005673262756,0.05383810773,NaN,NaN,0
0.007525756955,0.001968274824,NaN,NaN,0
0.007525756955,0.003820769023,-0.1873856485,-0.00446746964,1
0.007525756955,0.005673262756,-0.1892424673,-0.004953228403,1
0.007525756955,0.007525756955,-0.190403834,-0.002307537477,1
0.007525756955,0.009378250688,-0.1910024881,-0.001235075877,1
0.007525756955,0.01123074535,-0.188471213,-0.00209260988,1
0.007525756955,0.01308323909,-0.1820988059,-0.003369570244,1
0.007525756955,0.01493573282,-0.1802980751,-0.006085103378,1
0.007525756955,0.01678822748,-0.1821166426,-0.009991295636,1
0.007525756955,0.01864072122,-0.1820252985,-0.01342154387,1
0.007525756955,0.02049321495,-0.1839433461,-0.01760865934,1
0.007525756955,0.02234570868,-0.1881979704,-0.02269339003,1
0.007525756955,0.02419820242,-0.1917556226,-0.02659191564,1
0.007525756955,0.02605069801,-0.1935408562,-0.0288626384,1
0.007525756955,0.02790319175,-0.191511929,-0.02845855616,1
0.007525756955,0.02975568548,-0.1889464259,-0.02424226142,1
0.007525756955,0.03160817921,-0.1876024157,-0.02062745951,1
0.007525756955,0.03346067294,-0.1834454089,-0.02154804021,1
0.007525756955,0.03531316668,-0.1777600795,-0.02272976376,1
0.007525756955,0.03716566041,-0.1767599136,-0.02153381705,1
0.007525756955,0.03901815414,-0.1785325557,-0.01800412312,1
0.007525756955,0.04087064788,-0.1785263568,-0.01433041506,1
0.007525756955,0.04272314161,-0.1742617935,-0.01166810654,1
0.007525756955,0.04457563907,-0.1578184813,-0.01108189672,1
0.007525756955,0.0464281328,-0.1285092682,-0.008077588864,1
0.007525756955,0.04828062654,-0.07487380505,-0.003904411569,1
0.007525756955,0.05013312027,-0.0112976823,-0.004583166912,1
0.007525756955,0.051985614,NaN,NaN,0
0.007525756955,0.05383810773,NaN,NaN,0
0.009378250688,0.001968274824,NaN,NaN,0
0.009378250688,0.003820769023,-0.1876149327,-0.003712143982,1
0.009378250688,0.005673262756,-0.189092651,-0.003084081458,1
0.009378250688,0.007525756955,-0.1889537424,-0.001312212786,1
0.009378250688,0.009378250688,-0.1880597323,-0.001565416926,1
0.009378250688,0.01123074535,-0.1854449958,-0.002755528316,1
0.009378250688,0.01308323909,-0.1813596785,-0.003115115454,1
0.009378250688,0.01493573282,-0.1810615361,-0.004792155698,1
0.009378250688,0.01678822748,-0.1840256155,-0.01003051642,1
0.009378250688,0.01864072122,-0.1829107702,-0.0141456956,1
0.009378250688,0.02049321495,-0.1828079522,-0.016038239,1
0.009378250688,0.02234570868,-0.1864746511,-0.01896481216,1
0.009378250688,0.02419820242,-0.1915361285,-0.02331865579,1
0.009378250688,0.02605069801,-0.1952268779,-0.02813627943,1
0.009378250688,0.02790319175,-0.1953870803,-0.02799119987,1
0.009378250688,0.02975568548,-0.1927189827,-0.02290916443,1
0.009378250688,0.03160817921,-0.1878929734,-0.01906649582,1
0.009378250688,0.03346067294,-0.181706652,-0.02064598352,1
0.009378250688,0.03531316668,-0.1764735729,-0.02279806323,1
0.009378250688,0.03716566041,-0.1758117825,-0.02058506198,1
0.009378250688,0.03901815414,-0.1784848422,-0.01616312377,1
0.009378250688,0.04087064788,-0.1809826046,-0.01238572504,1
0.009378250688,0.04272314161,-0.1791304052,-0.01145647559,1
0.009378250688,0.04457563907,-0.1671428829,-0.01158458088,1
0.009378250688,0.0464281328,-0.1326571405,-0.008123319596,1
0.009378250688,0.04828062654,-0.04966650158,-0.00393531844,1
0.009378250688,0.05013312027,-0.007289133966,-0.002676472301,1
0.009378250688,0.051985614,NaN,NaN,0
0.009378250688,0.05383810773,NaN,NaN,0
0.01123074535,0.001968274824,NaN,NaN,0
0.01123074535,0.003820769023,-0.1899799109,-0.003940895665,1
0.01123074535,0.005673262756,-0.1900710464,-0.003088133875,1
0.01123074535,0.007525756955,-0.188451454,-0.001284499071,1
0.01123074535,0.009378250688,-0.1868441105,-0.0004432559945,1
0.01123074535,0.01123074535,-0.1853925437,-0.0009555746801,1
0.01123074535,0.01308323909,-0.1832294166,-0.0008723766077,1
0.01123074535,0.01493573282,-0.1830371171,-0.002082523657,1
0.01123074535,0.01678822748,-0.1855483055,-0.007575771306,1
0.01123074535,0.01864072122,-0.1839538813,-0.01298404858,1
0.01123074535,0.02049321495,-0.1836758554,-0.01485593617,1
0.01123074535,0.02234570868,-0.1876000464,-0.01565289684,1
0.01123074535,0.02419820242,-0.1929721683,-0.01948253624,1
0.01123074535,0.02605069801,-0.197239086,-0.02427295968,1
0.01123074535,0.02790319175,-0.1983472705,-0.0235976316,1
0.01123074535,0.02975568548,-0.1957924813,-0.01853069291,1
0.01123074535,0.03160817921,-0.1889913678,-0.01750949584,1
0.01123074535,0.03346067294,-0.1819164604,-0.02020137012,1
0.01123074535,0.03531316668,-0.1760843694,-0.02152066119,1
0.01123074535,0.03716566041,-0.1739610881,-0.01835520566,1
0.01123074535,0.03901815414,-0.1751170754,-0.01389420964,1
0.01123074535,0.04087064788,-0.1784168333,-0.01036933623,1
0.01123074535,0.04272314161,-0.1798453927,-0.01024676207,1
0.01123074535,0.04457563907,-0.1738489121,-0.01060335338,1
0.01123074535,0.0464281328,-0.1439979374,-0.008066370152,1
0.01123074535,0.04828062654,-0.06928554177,-0.00374268298,1
0.01123074535,0.05013312027,-0.0225197617,-0.002079437254,2
0.01123074535,0.051985614,NaN,NaN,0
0.01123074535,0.05383810773,NaN,NaN,0
0.01308323909,0.001968274824,NaN,NaN,0
0.01308323909,0.003820769023,-0.1934831887,-0.00615169201,1
0.01308323909,0.005673262756,-0.1922785342,-0.006756002549,1
0.01308323909,0.007525756955,-0.1907497197,-0.004245004151,1
0.01308323909,0.009378250688,-0.1905830503,-0.001071987208,1
0.01308323909,0.01123074535,-0.1897276491,1.59189367e-05,1
0.01308323909,0.01308323909,-0.187980175,0.001031961641,1
0.01308323909,0.01493573282,-0.1863459647,0.000354832795,1
0.01308323909,0.01678822748,-0.1853626668,-0.00444350997,1
0.01308323909,0.01864072122,-0.18254143,-0.01082855649,1
0.01308323909,0.02049321495,-0.1830879301,-0.01269349363,1
0.01308323909,0.02234570868,-0.1890068501,-0.01151150558,1
0.01308323909,0.02419820242,-0.1944949031,-0.01435432304,1
0.01308323909,0.02605069801,-0.1985702217,-0.01735976897,1
0.01308323909,0.02790319175,-0.1992480755,-0.01610067114,1
0.01308323909,0.02975568548,-0.1931695938,-0.01460230164,1
0.01308323909,0.03160817921,-0.1872345656,-0.01577618532,1
0.01308323909,0.03346067294,-0.1830321699,-0.01840482093,1
0.01308323909,0.03531316668,-0.17754215,-0.01772640273,1
0.01308323909,0.03716566041,-0.1724323183,-0.01473166421,1
0.01308323909,0.03901815414,-0.1704553515,-0.01171113271,1
0.01308323909,0.04087064788,-0.1732776314,-0.009346790612,1
0.01308323909,0.04272314161,-0.1791987717,-0.009296520613,1
0.01308323909,0.04457563907,-0.1774029136,-0.009063116275,1
0.01308323909,0.0464281328,-0.1460167468,-0.007031450048,1
0.01308323909,0.04828062654,-0.05169431493,-0.002625310794,1
0.01308323909,0.05013312027,-0.01201159135,-0.001223705127,1
0.01308323909,0.051985614,NaN,NaN,0
0.01308323909,0.05383810773,NaN,NaN,0
0.01493573282,0.001968274824,NaN,NaN,0
0.01493573282,0.003820769023,-0.1965768039,-0.007079741918,1
0.01493573282,0.005673262756,-0.1954886466,-0.007799457759,1
0.01493573282,0.007525756955,-0.194147855,-0.005377663299,1
0.01493573282,0.009378250688,-0.1946954131,-0.002218560083,1
0.01493573282,0.01123074535,-0.1934811026,-0.001167492592,1
0.01493573282,0.01308323909,-0.1908728182,-0.0002550369536,1
0.01493573282,0.01493573282,-0.186572656,-0.001813137438,1
0.01493573282,0.01678822748,-0.1821817011,-0.006463420577,1
0.01493573282,0.01864072122,-0.1789590716,-0.01125493366,1
0.01493573282,0.02049321495,-0.1829368919,-0.01238729805,1
0.01493573282,0.02234570868,-0.1937642992,-0.009668705985,1
0.01493573282,0.02419820242,-0.1991184354,-0.009958365001,1
0.01493573282,0.02605069801,-0.2013024092,-0.01253483538,1
0.01493573282,0.02790319175,-0.1983641982,-0.0149004655,1
0.01493573282,0.02975568548,-0.1890426278,-0.01723738387,1
0.01493573282,0.03160817921,-0.1838324219,-0.01692105457,1
0.01493573282,0.03346067294,-0.1830468774,-0.01610905305,1
0.01493573282,0.03531316668,-0.1786970049,-0.01420157775,1
0.01493573282,0.03716566041,-0.1718464643,-0.01266034786,1
0.01493573282,0.03901815414,-0.1676320881,-0.01133178081,1
0.01493573282,0.04087064788,-0.1704528183,-0.009216217324,1
0.01493573282,0.04272314161,-0.178471148,-0.008308685385,1
0.01493573282,0.04457563907,-0.1786991507,-0.0077825021,1
0.01493573282,0.0464281328,-0.1483224481,-0.006582147442,1
0.01493573282,0.04828062654,-0.04978884012,-0.001723938505,1
0.01493573282,0.05013312027,-0.002052218653,-0.0005584318424,1
0.01493573282,0.051985614,NaN,NaN,0
0.01493573282,0.05383810773,NaN,NaN,0
0.01678822748,0.001968274824,NaN,NaN,0
0.01678822748,0.003820769023,-0.1967038661,-0.007434459403,1
0.01678822748,0.005673262756,-0.1968858838,-0.006986069959,1
0.01678822748,0.007525756955,-0.1960223764,-0.005467573646,1
0.01678822748,0.009378250688,-0.1954714954,-0.003377821529,1
0.01678822748,0.01123074535,-0.1936203092,-0.002278387314,1
0.01678822748,0.01308323909,-0.1904833615,-0.001158198109,1
0.01678822748,0.01493573282,-0.1853731126,-0.003386313329,1
0.01678822748,0.01678822748,-0.1794071048,-0.009353962727,1
0.01678822748,0.01864072122,-0.177053228,-0.01425875351,1
0.01678822748,0.02049321495,-0.1862760335,-0.01534929592,1
0.01678822748,0.02234570868,-0.2017203867,-0.01289229374,1
0.01678822748,0.02419820242,-0.2045584917,-0.0109612029,1
0.01678822748,0.02605069801,-0.2010789663,-0.01410736796,1
0.01678822748,0.02790319175,-0.1951782703,-0.01823625155,1
0.01678822748,0.02975568548,-0.1863378435,-0.02124166302,1
0.01678822748,0.03160817921,-0.182847783,-0.01887013763,1
0.01678822748,0.03346067294,-0.1824240535,-0.01514407061,1
0.01678822748,0.03531316668,-0.178242594,-0.01307367813,1
0.01678822748,0.03716566041,-0.1711179763,-0.01345981937,1
0.01678822748,0.03901815414,-0.1675949395,-0.01363675762,1
0.01678822748,0.04087064788,-0.1706927121,-0.01126451697,1
0.01678822748,0.04272314161,-0.1777126193,-0.008416746743,1
0.01678822748,0.04457563907,-0.1785908341,-0.006830573082,1
0.01678822748,0.0464281328,-0.1583633572,-0.005592528265,1
0.01678822748,0.04828062654,-0.09446886927,-0.002226112876,1
0.01678822748,0.05013312027,-0.01211924199,-0.0004860983754,1
0.01678822748,0.051985614,NaN,NaN,0
0.01678822748,0.05383810773,NaN,NaN,0
0.01864072122,0.001968274824,NaN,NaN,0
0.01864072122,0.003820769023,-0.1965816319,-0.007687125355,1
0.01864072122,0.005673262756,-0.1973060369,-0.006708907429,1
0.01864072122,0.007525756955,-0.1967500001,-0.006420212798,1
0.01864072122,0.009378250688,-0.1953617185,-0.005282748956,1
0.01864072122,0.01123074535,-0.1931398213,-0.003089863574,1
0.01864072122,0.01308323909,-0.1899360418,-0.001820880221,1
0.01864072122,0.01493573282,-0.1829785258,-0.004870872945,1
0.01864072122,0.01678822748,-0.17595689,-0.01237968635,1
0.01864072122,0.01864072122,-0.1769375354,-0.01826813817,1
0.01864072122,0.02049321495,-0.1874627173,-0.019333167,1
0.01864072122,0.02234570868,-0.199611634,-0.01647585258,1
0.01864072122,0.02419820242,-0.2001341283,-0.01719591394,1
0.01864072122,0.02605069801,-0.1933407485,-0.02043929137,1
0.01864072122,0.02790319175,-0.1879609078,-0.02178798802,1
0.01864072122,0.02975568548,-0.1824419051,-0.02099138871,1
0.01864072122,0.03160817921,-0.1815860868,-0.01873975247,1
0.01864072122,0.03346067294,-0.181774646,-0.01680786163,1
0.01864072122,0.03531316668,-0.177843675,-0.01632860303,1
0.01864072122,0.03716566041,-0.1723269373,-0.01710897684,1
0.01864072122,0.03901815414,-0.1706809551,-0.01725452766,1
0.01864072122,0.04087064788,-0.1738963425,-0.0151659362,1
0.01864072122,0.04272314161,-0.1788564175,-0.01045938116,1
0.01864072122,0.04457563907,-0.1769024879,-0.006796762347,1
0.01864072122,0.0464281328,-0.1558295339,-0.004339495208,1
0.01864072122,0.04828062654,-0.0975131169,-0.002169298707,1
0.01864072122,0.05013312027,-0.01691496931,-0.0007692076033,1
0.01864072122,0.051985614,NaN,NaN,0
0.01864072122,0.05383810773,NaN,NaN,0
0.02049321495,0.001968274824,NaN,NaN,0
0.02049321495,0.003820769023,-0.1987941563,-0.008232345805,1
0.02049321495,0.005673262756,-0.1999520361,-0.006769950036,1
0.02049321495,0.007525756955,-0.1982856989,-0.005904735532,1
0.02049321495,0.009378250688,-0.1954550147,-0.004402203951,1
0.02049321495,0.01123074535,-0.1930517852,-0.002200712217,1
0.02049321495,0.01308323909,-0.1896663457,-0.002511161147,1
0.02049321495,0.01493573282,-0.1817018539,-0.007158680819,1
0.02049321495,0.01678822748,-0.1736932993,-0.01510689221,1
0.02049321495,0.01864072122,-0.1765588373,-0.02191964909,1
0.02049321495,0.02049321495,-0.1841600239,-0.02368097007,1
0.02049321495,0.02234570868,-0.1904135197,-0.02129533887,1
0.02049321495,0.02419820242,-0.1896871626,-0.02285540849,1
0.02049321495,0.02605069801,-0.1855258495,-0.02409256622,1
0.02049321495,0.02790319175,-0.1826430857,-0.02340509929,1
0.02049321495,0.02975568548,-0.1801477075,-0.02151328698,1
0.02049321495,0.03160817921,-0.180962041,-0.02083066478,1
0.02049321495,0.03346067294,-0.1825666577,-0.02167881839,1
0.02049321495,0.03531316668,-0.1806510836,-0.02274909243,1
0.02049321495,0.03716566041,-0.1779303253,-0.02290600538,1
0.02049321495,0.03901815414,-0.1781923175,-0.02183001861,1
0.02049321495,0.04087064788,-0.1816250533,-0.01995223388,1
0.02049321495,0.04272314161,-0.1849623024,-0.01512123179,1
0.02049321495,0.04457563907,-0.1782312095,-0.009808837436,1
0.02049321495,0.0464281328,-0.1492262185,-0.005295967218,1
0.02049321495,0.04828062654,-0.08792024851,-0.00245867786,1
0.02049321495,0.05013312027,-0.009504640475,-0.0002126437175,1
0.02049321495,0.051985614,NaN,NaN,0
0.02049321495,0.05383810773,NaN,NaN,0
0.02234570868,0.001968274824,NaN,NaN,0
0.02234570868,0.003820769023,-0.2001735419,-0.008658249862,1
0.02234570868,0.005673262756,-0.2010482997,-0.006919468753,1
0.02234570868,0.007525756955,-0.1991375834,-0.00404914096,1
0.02234570868,0.009378250688,-0.1954510957,-0.001327559818,1
0.02234570868,0.01123074535,-0.1921035647,0.0002892613702,1
0.02234570868,0.01308323909,-0.1881319582,-0.001730350545,1
0.02234570868,0.01493573282,-0.1814670265,-0.008626943454,1
0.02234570868,0.01678822748,-0.1755458713,-0.01775082015,1
0.02234570868,0.01864072122,-0.1769859642,-0.02466976643,1
0.02234570868,0.02049321495,-0.179773584,-0.02594261244,1
0.02234570868,0.02234570868,-0.1801760197,-0.02440882288,1
0.02234570868,0.02419820242,-0.1798906475,-0.02517181262,1
0.02234570868,0.02605069801,-0.18032749,-0.02543755993,1
0.02234570868,0.02790319175,-0.1807502806,-0.02623576112,1
0.02234570868,0.02975568548,-0.1810993403,-0.026676137,1
0.02234570868,0.03160817921,-0.1834692061,-0.02718261629,1
0.02234570868,0.03346067294,-0.1857405901,-0.02793643065,1
0.02234570868,0.03531316668,-0.1863285899,-0.02792788111,1
0.02234570868,0.03716566041,-0.1872217953,-0.02645728923,1
0.02234570868,0.03901815414,-0.188270241,-0.02470813692,1
0.02234570868,0.04087064788,-0.1887818426,-0.02316674218,1
0.02234570868,0.04272314161,-0.1898944378,-0.01915056631,1
0.02234570868,0.04457563907,-0.1817181855,-0.01412069891,1
0.02234570868,0.0464281328,-0.1479268521,-0.007533379365,1
0.02234570868,0.04828062654,-0.07568376511,-0.003662103089,1
0.02234570868,0.05013312027,-0.006649303716,-0.0007012176793,1
0.02234570868,0.051985614,NaN,NaN,0
0.02234570868,0.05383810773,NaN,NaN,0
0.02419820242,0.001968274824,NaN,NaN,0
0.02419820242,0.003820769023,-0.1992415041,-0.00783139281,1
0.02419820242,0.005673262756,-0.1993934512,-0.006945963018,1
0.02419820242,0.007525756955,-0.19866997,-0.003991280217,1
0.02419820242,0.009378250688,-0.19622989,-0.0006535885041,1
0.02419820242,0.01123074535,-0.1926160902,0.0009668655694,1
0.02419820242,0.01308323909,-0.1877720803,-0.001449853298,1
0.02419820242,0.01493573282,-0.1816530973,-0.01020351239,1
0.02419820242,0.01678822748,-0.1778042167,-0.02163404785,1
0.02419820242,0.01864072122,-0.1781492382,-0.027571721,1
0.02419820242,0.02049321495,-0.1785352826,-0.02635763027,1
0.02419820242,0.02234570868,-0.1759770513,-0.02430444583,1
0.02419820242,0.02419820242,-0.1746443957,-0.02551588044,1
0.02419820242,0.02605069801,-0.1763824075,-0.02788151056,1
0.02419820242,0.02790319175,-0.1793839782,-0.03074511327,1
0.02419820242,0.02975568548,-0.1823197156,-0.03184857965,1
0.02419820242,0.03160817921,-0.1865935475,-0.03092174232,1
0.02419820242,0.03346067294,-0.1904453188,-0.02910262905,1
0.02419820242,0.03531316668,-0.1932732463,-0.02703428268,1
0.02419820242,0.03716566041,-0.1948298514,-0.02539516613,1
0.02419820242,0.03901815414,-0.1907791495,-0.02538183145,1
0.02419820242,0.04087064788,-0.1868479848,-0.02416452579,1
0.02419820242,0.04272314161,-0.1880403459,-0.01948810183,1
0.02419820242,0.04457563907,-0.1835412532,-0.01500191167,1
0.02419820242,0.0464281328,-0.1563181728,-0.008992646821,1
0.02419820242,0.04828062654,-0.07929301262,-0.004049216863,1
0.02419820242,0.05013312027,-0.01650708541,-0.001052577631,1
0.02419820242,0.051985614,NaN,NaN,0
0.02419820242,0.05383810773,NaN,NaN,0
0.02605069801,0.001968274824,NaN,NaN,0
0.02605069801,0.003820769023,-0.198542878,-0.006956737954,1
0.02605069801,0.005673262756,-0.1978047043,-0.00685864361,1
0.02605069801,0.007525756955,-0.1971653998,-0.004823367577,1
0.02605069801,0.009378250688,-0.1967410445,-0.001546852407,1
0.02605069801,0.01123074535,-0.1932861358,-0.0003351205087,1
0.02605069801,0.01308323909,-0.1879776269,-0.001900113653,1
0.02605069801,0.01493573282,-0.1819652468,-0.007630658336,1
0.02605069801,0.01678822748,-0.1781172454,-0.01653737947,1
0.02605069801,0.01864072122,-0.1784343868,-0.02323792689,1
0.02605069801,0.02049321495,-0.1791424751,-0.02481311187,1
0.02605069801,0.02234570868,-0.176220715,-0.02353639714,1
0.02605069801,0.02419820242,-0.1745510697,-0.0252754651,1
0.02605069801,0.02605069801,-0.1755903363,-0.02951060049,1
0.02605069801,0.02790319175,-0.1798130274,-0.03204393759,1
0.02605069801,0.02975568548,-0.1857217103,-0.03050911613,1
0.02605069801,0.03160817921,-0.1918262243,-0.0272040125,1
0.02605069801,0.03346067294,-0.1962281018,-0.02243720554,1
0.02605069801,0.03531316668,-0.1975706369,-0.01975644752,1
0.02605069801,0.03716566041,-0.1957562119,-0.02088983916,1
0.02605069801,0.03901815414,-0.1873091608,-0.0232914295,1
0.02605069801,0.04087064788,-0.1806340665,-0.02204188891,1
0.02605069801,0.04272314161,-0.1813156754,-0.01839174516,1
0.02605069801,0.04457563907,-0.1792773753,-0.01481750794,1
0.02605069801,0.0464281328,-0.1616326272,-0.009803435765,1
0.02605069801,0.04828062654,-0.111501351,-0.004080248531,1
0.02605069801,0.05013312027,-0.04471464083,-0.001290401444,1
0.02605069801,0.051985614,NaN,NaN,0
0.02605069801,0.05383810773,NaN,NaN,0
0.02790319175,0.001968274824,NaN,NaN,0
0.02790319175,0.003820769023,-0.1994640529,-0.004944748711,1
0.02790319175,0.005673262756,-0.1982466131,-0.003951020539,1
0.02790319175,0.007525756955,-0.1970122606,-0.001561663463,1
0.02790319175,0.009378250688,-0.1959820986,0.001307765371,1
0.02790319175,0.01123074535,-0.1918884367,0.002404987812,1
0.02790319175,0.01308323909,-0.1863886714,0.002122754231,1
0.02790319175,0.01493573282,-0.1806320399,-0.0007071971195,1
0.02790319175,0.01678822748,-0.175884977,-0.006143953651,1
0.02790319175,0.01864072122,-0.1746506393,-0.01281283796,1
0.02790319175,0.02049321495,-0.1759497672,-0.01977487653,1
0.02790319175,0.02234570868,-0.1780964583,-0.02305179462,1
0.02790319175,0.02419820242,-0.180513382,-0.02422482893,1
0.02790319175,0.02605069801,-0.1824317575,-0.02762034349,1
0.02790319175,0.02790319175,-0.1865331978,-0.02713456564,1
0.02790319175,0.02975568548,-0.1930028498,-0.02146704495,1
0.02790319175,0.03160817921,-0.1980619729,-0.01650569588,1
0.02790319175,0.03346067294,-0.1978742927,-0.01196184289,1
0.02790319175,0.03531316668,-0.1945016682,-0.01081455871,1
0.02790319175,0.03716566041,-0.1909111738,-0.01513991505,1
0.02790319175,0.03901815414,-0.1856451184,-0.0183375217,1
0.02790319175,0.04087064788,-0.1803191751,-0.0173397176,1
0.02790319175,0.04272314161,-0.1791865081,-0.01636201702,1
0.02790319175,0.04457563907,-0.1762708127,-0.01459307317,1
0.02790319175,0.0464281328,-0.1633573771,-0.01046907715,1
0.02790319175,0.04828062654,-0.1420236379,-0.00510064885,1
0.02790319175,0.05013312027,-0.1191913038,-0.002698467346,1
0.02790319175,0.051985614,NaN,NaN,0
0.02790319175,0.05383810773,NaN,NaN,0
0.02975568548,0.001968274824,NaN,NaN,0
0.02975568548,0.003820769023,-0.2030862272,-0.001244083629,1
0.02975568548,0.005673262756,-0.2013473362,0.0007080195355,1
0.02975568548,0.007525756955,-0.1982588321,0.002824707655,1
0.02975568548,0.009378250688,-0.1954094768,0.004951776471,1
0.02975568548,0.01123074535,-0.1905501783,0.007326922845,1
0.02975568548,0.01308323909,-0.1841399074,0.007922600955,1
0.02975568548,0.01493573282,-0.1778149009,0.004902769346,1
0.02975568548,0.01678822748,-0.1718227565,0.0003387664037,1
0.02975568548,0.01864072122,-0.1684926301,-0.004967443645,1
0.02975568548,0.02049321495,-0.1703815758,-0.01288723573,1
0.02975568548,0.02234570868,-0.1773532927,-0.01938824914,1
0.02975568548,0.02419820242,-0.1865546703,-0.02279407904,1
0.02975568548,0.02605069801,-0.1923572421,-0.0248720441,1
0.02975568548,0.02790319175,-0.1967855245,-0.02019823901,1
0.02975568548,0.02975568548,-0.2022413462,-0.01133679599,1
0.02975568548,0.03160817921,-0.2030069977,-0.006765761878,1
0.02975568548,0.03346067294,-0.1963018924,-0.005072959233,1
0.02975568548,0.03531316668,-0.1870616823,-0.005756205879,1
0.02975568548,0.03716566041,-0.1820656061,-0.009587295353,1
0.02975568548,0.03901815414,-0.1828402132,-0.01305709686,1
0.02975568548,0.04087064788,-0.1810601205,-0.0130951805,1
0.02975568548,0.04272314161,-0.17917566,-0.0133255953,1
0.02975568548,0.04457563907,-0.1757108271,-0.01271695178,1
0.02975568548,0.0464281328,-0.1637020558,-0.01041175984,1
0.02975568548,0.04828062654,-0.1492713988,-0.005304211751,1
0.02975568548,0.05013312027,-0.1357705295,-0.003430992365,2
0.02975568548,0.051985614,NaN,NaN,0
0.02975568548,0.05383810773,NaN,NaN,0
0.03160817921,0.001968274824,NaN,NaN,0
0.03160817921,0.003820769023,-0.2070243061,0.0003665075928,1
0.03160817921,0.005673262756,-0.203797251,0.001806637505,1
0.03160817921,0.007525756955,-0.1983666122,0.003332960652,1
0.03160817921,0.009378250688,-0.1941865981,0.005204224028,1
0.03160817921,0.01123074535,-0.1892660409,0.00873993244,1
0.03160817921,0.01308323909,-0.1817625761,0.01003953908,1
0.03160817921,0.01493573282,-0.1743973643,0.00709361257,1
0.03160817921,0.01678822748,-0.1676263809,0.001229757676,1
0.03160817921,0.01864072122,-0.162182495,-0.003042876255,1
0.03160817921,0.02049321495,-0.1635270119,-0.006214233115,1
0.03160817921,0.02234570868,-0.1721944511,-0.01209510677,1
0.03160817921,0.02419820242,-0.1824957132,-0.01671054773,1
0.03160817921,0.02605069801,-0.1928909272,-0.01807161234,1
0.03160817921,0.02790319175,-0.2006391436,-0.01324452739,1
0.03160817921,0.02975568548,-0.2052075714,-0.006380498875,1
0.03160817921,0.03160817921,-0.2036324739,-0.003839869518,1
0.03160817921,0.03346067294,-0.1942147315,-0.004664484877,1
0.03160817921,0.03531316668,-0.1824138165,-0.005856932607,1
0.03160817921,0.03716566041,-0.1750463843,-0.006741347257,1
0.03160817921,0.03901815414,-0.1754201651,-0.009063511156,1
0.03160817921,0.04087064788,-0.1769315898,-0.01012806036,1
0.03160817921,0.04272314161,-0.1777809858,-0.01042813156,1
0.03160817921,0.04457563907,-0.1763840616,-0.01120498218,1
0.03160817921,0.0464281328,-0.1681100279,-0.01058127079,1
0.03160817921,0.04828062654,-0.1550424248,-0.005660537165,1
0.03160817921,0.05013312027,-0.138705954,-0.003896355396,2
0.03160817921,0.051985614,NaN,NaN,0
0.03160817921,0.05383810773,NaN,NaN,0
0.03346067294,0.001968274824,NaN,NaN,0
0.03346067294,0.003820769023,-0.2104764134,-0.003117619082,1
0.03346067294,0.005673262756,-0.2048991472,-0.002698586788,1
0.03346067294,0.007525756955,-0.1969003081,-0.001444130321,1
0.03346067294,0.009378250688,-0.1909345984,0.001377342036,1
0.03346067294,0.01123074535,-0.1868891567,0.004658724647,1
0.03346067294,0.01308323909,-0.1798621565,0.004375853576,1
0.03346067294,0.01493573282,-0.171923399,0.0008880271926,1
0.03346067294,0.01678822748,-0.1643134207,-0.003772738157,1
0.03346067294,0.01864072122,-0.1600143164,-0.004380484112,1
0.03346067294,0.02049321495,-0.1634861082,0.000104708728,1
0.03346067294,0.02234570868,-0.1712712049,0.0008604064933,1
0.03346067294,0.02419820242,-0.1803076118,-0.0005959703121,1
0.03346067294,0.02605069801,-0.1928004175,-0.001978768501,1
0.03346067294,0.02790319175,-0.2017867118,-0.003226446221,1
0.03346067294,0.02975568548,-0.2039816827,-0.003543581115,1
0.03346067294,0.03160817921,-0.2009506226,-0.004813835956,1
0.03346067294,0.03346067294,-0.1911580861,-0.007830392569,1
0.03346067294,0.03531316668,-0.1800540835,-0.01028286014,1
0.03346067294,0.03716566041,-0.1728031784,-0.01023518108,1
0.03346067294,0.03901815414,-0.1715481132,-0.009616962634,1
0.03346067294,0.04087064788,-0.1736485958,-0.008621513844,1
0.03346067294,0.04272314161,-0.1763201803,-0.00835160166,1
0.03346067294,0.04457563907,-0.17560938,-0.009562264197,1
0.03346067294,0.0464281328,-0.1667200029,-0.00915098656,1
0.03346067294,0.04828062654,-0.151370585,-0.005840213038,1
0.03346067294,0.05013312027,-0.1352824271,-0.004171296954,2
0.03346067294,0.051985614,NaN,NaN,0
0.03346067294,0.05383810773,NaN,NaN,0
0.03531316668,0.001968274824,NaN,NaN,0
0.03531316668,0.003820769023,-0.2120348364,-0.008078810759,1
0.03531316668,0.005673262756,-0.206055522,-0.008505535312,1
0.03531316668,0.007525756955,-0.1971447766,-0.007089134771,1
0.03531316668,0.009378250688,-0.1893307865,-0.004327911884,1
0.03531316668,0.01123074535,-0.1835389286,-0.003141805064,1
0.03531316668,0.01308323909,-0.1772312522,-0.004176611546,1
0.03531316668,0.01493573282,-0.1694580317,-0.005550493952,1
0.03531316668,0.01678822748,-0.1623941809,-0.007939421572,1
0.03531316668,0.01864072122,-0.1610197127,-0.006093658973,1
0.03531316668,0.02049321495,-0.1665077657,0.004785277415,1
0.03531316668,0.02234570868,-0.1741817296,0.01287901122,1
0.03531316668,0.02419820242,-0.1816132963,0.01386226434,1
0.03531316668,0.02605069801,-0.1920496076,0.008420305327,1
0.03531316668,0.02790319175,-0.1997269094,0.0009226897964,1
0.03531316668,0.02975568548,-0.2015673816,-0.002885202644,1
0.03531316668,0.03160817921,-0.1979149878,-0.005513860378,1
0.03531316668,0.03346067294,-0.1883833855,-0.01020792779,1
0.03531316668,0.03531316668,-0.1786358207,-0.01482316386,1
0.03531316668,0.03716566041,-0.1730181724,-0.01641564444,1
0.03531316668,0.03901815414,-0.171851933,-0.01353091002,1
0.03531316668,0.04087064788,-0.1733930856,-0.009255900048,1
0.03531316668,0.04272314161,-0.1761888266,-0.008256027475,1
0.03531316668,0.04457563907,-0.1751763076,-0.008377204649,1
0.03531316668,0.0464281328,-0.1666327119,-0.007355392445,1
0.03531316668,0.04828062654,-0.1536435634,-0.004523040261,1
0.03531316668,0.05013312027,-0.131597966,-0.00355061749,2
0.03531316668,0.051985614,NaN,NaN,0
0.03531316668,0.05383810773,NaN,NaN,0
0.03716566041,0.001968274824,NaN,NaN,0
0.03716566041,0.003820769023,-0.2096089572,-0.008427840658,1
0.03716566041,0.005673262756,-0.2070735395,-0.01022512559,1
0.03716566041,0.007525756955,-0.1992048472,-0.009453039616,1
0.03716566041,0.009378250688,-0.1890953928,-0.007072753739,1
0.03716566041,0.01123074535,-0.1816585958,-0.005791762378,1
0.03716566041,0.01308323909,-0.1759417653,-0.005537871271,1
0.03716566041,0.01493573282,-0.1685317457,-0.004914726131,1
0.03716566041,0.01678822748,-0.1620967686,-0.005601566285,1
0.03716566041,0.01864072122,-0.1629326344,-0.002832518425,1
0.03716566041,0.02049321495,-0.1713701934,0.007587109692,1
0.03716566041,0.02234570868,-0.1795512885,0.01454331819,1
0.03716566041,0.02419820242,-0.1832462251,0.01332086511,1
0.03716566041,0.02605069801,-0.1894515455,0.005847549532,1
0.03716566041,0.02790319175,-0.1956445724,-0.001724912436,1
0.03716566041,0.02975568548,-0.1970780641,-0.005306793842,1
0.03716566041,0.03160817921,-0.1931867003,-0.008861823007,1
0.03716566041,0.03346067294,-0.1849728823,-0.0151385339,1
0.03716566041,0.03531316668,-0.1782900244,-0.01873508468,1
0.03716566041,0.03716566041,-0.1762567908,-0.01904210448,1
0.03716566041,0.03901815414,-0.1764504164,-0.01535023004,1
0.03716566041,0.04087064788,-0.1767580807,-0.01017957833,1
0.03716566041,0.04272314161,-0.1783449948,-0.008533442393,1
0.03716566041,0.04457563907,-0.1764187068,-0.008142838255,1
0.03716566041,0.0464281328,-0.1692563146,-0.00707418425,1
0.03716566041,0.04828062654,-0.1570556909,-0.003879893338,1
0.03716566041,0.05013312027,-0.1212068498,-0.002958116587,2
0.03716566041,0.051985614,NaN,NaN,0
0.03716566041,0.05383810773,NaN,NaN,0
0.03901815414,0.001968274824,NaN,NaN,0
0.03901815414,0.003820769023,-0.2061086148,-0.005543639883,1
0.03901815414,0.005673262756,-0.2068474442,-0.008899234235,1
0.03901815414,0.007525756955,-0.2012340277,-0.01118376013,1
0.03901815414,0.009378250688,-0.1898147464,-0.008582699113,1
0.03901815414,0.01123074535,-0.1811040193,-0.005678373389,1
0.03901815414,0.01308323909,-0.1765404791,-0.002529925434,1
0.03901815414,0.01493573282,-0.1710618287,-0.0002641767205,1
0.03901815414,0.01678822748,-0.1658682227,0.001538964338,1
0.03901815414,0.01864072122,-0.1683635712,0.004574957769,1
0.03901815414,0.02049321495,-0.1779241711,0.009375239722,1
0.03901815414,0.02234570868,-0.1840597391,0.0105298683,1
0.03901815414,0.02419820242,-0.1841737777,0.006693364121,1
0.03901815414,0.02605069801,-0.1868139952,0.0007139322697,1
0.03901815414,0.02790319175,-0.1903628111,-0.004860978574,1
0.03901815414,0.02975568548,-0.1896291673,-0.009086471982,1
0.03901815414,0.03160817921,-0.1847030818,-0.01639586873,1
0.03901815414,0.03346067294,-0.1799574047,-0.02301951498,1
0.03901815414,0.03531316668,-0.1788804382,-0.02319076657,1
0.03901815414,0.03716566041,-0.1813858449,-0.0184794236,1
0.03901815414,0.03901815414,-0.1820815057,-0.0119886063,1
0.03901815414,0.04087064788,-0.18055664,-0.007086279336,1
0.03901815414,0.04272314161,-0.1805637479,-0.005797113758,1
0.03901815414,0.04457563907,-0.1773782521,-0.006517570931,1
0.03901815414,0.0464281328,-0.1684839725,-0.007545641623,1
0.03901815414,0.04828062654,-0.1487839818,-0.004412211478,1
0.03901815414,0.05013312027,-0.09103251249,-0.002717912663,2
0.03901815414,0.051985614,NaN,NaN,0
0.03901815414,0.05383810773,NaN,NaN,0
0.04087064788,0.001968274824,NaN,NaN,0
0.04087064788,0.003820769023,-0.2037811279,-0.002434032504,1
0.04087064788,0.005673262756,-0.2046034038,-0.006213318091,1
0.04087064788,0.007525756955,-0.2009179443,-0.009524407797,1
0.04087064788,0.009378250688,-0.1914924383,-0.008060161024,1
0.04087064788,0.01123074535,-0.1828206182,-0.005453131627,1
0.04087064788,0.01308323909,-0.178541705,-0.002145138802,1
0.04087064788,0.01493573282,-0.1747891009,0.0004548462748,1
0.04087064788,0.01678822748,-0.1731296331,0.003643366974,1
0.04087064788,0.01864072122,-0.1763752848,0.005570936948,1
0.04087064788,0.02049321495,-0.1830548346,0.004768941551,1
0.04087064788,0.02234570868,-0.1875588,0.003079691203,1
0.04087064788,0.02419820242,-0.1866806,0.0006658733473,1
0.04087064788,0.02605069801,-0.1844352037,-0.003195397556,1
0.04087064788,0.02790319175,-0.1836504042,-0.007051315159,1
0.04087064788,0.02975568548,-0.1810195893,-0.01226979773,1
0.04087064788,0.03160817921,-0.1765096188,-0.02152384631,1
0.04087064788,0.03346067294,-0.1784000695,-0.02477586456,1
0.04087064788,0.03531316668,-0.1833088994,-0.02102427371,1
0.04087064788,0.03716566041,-0.1867862642,-0.01425291784,1
0.04087064788,0.03901815414,-0.18483527,-0.009330841713,1
0.04087064788,0.04087064788,-0.1803310663,-0.00696430821,1
0.04087064788,0.04272314161,-0.1774307489,-0.00517252367,1
0.04087064788,0.04457563907,-0.1724749207,-0.005349422805,1
0.04087064788,0.0464281328,-0.1573815644,-0.008027320728,1
0.04087064788,0.04828062654,-0.1151661202,-0.00544207124,1
0.04087064788,0.05013312027,-0.03690522164,-0.002383756451,1
0.04087064788,0.051985614,NaN,NaN,0
0.04087064788,0.05383810773,NaN,NaN,0
0.04272314161,0.001968274824,NaN,NaN,0
0.04272314161,0.003820769023,-0.2020008564,-0.0004150939058,1
0.04272314161,0.005673262756,-0.2019006461,-0.002381077269,1
0.04272314161,0.007525756955,-0.1996416301,-0.004463886842,1
0.04272314161,0.009378250688,-0.1927696168,-0.00573994033,1
0.04272314161,0.01123074535,-0.1846861541,-0.005007344764,1
0.04272314161,0.01308323909,-0.1794711202,-0.003857166041,1
0.04272314161,0.01493573282,-0.1758562326,-0.002999247052,1
0.04272314161,0.01678822748,-0.1754397601,-0.0009284286643,1
0.04272314161,0.01864072122,-0.1775316596,-0.0002280185581,1
0.04272314161,0.02049321495,-0.1824786216,-0.003386919387,1
0.04272314161,0.02234570868,-0.1880898476,-0.005543894134,1
0.04272314161,0.02419820242,-0.1883379221,-0.006539598573,1
0.04272314161,0.02605069801,-0.1836904585,-0.007505523972,1
0.04272314161,0.02790319175,-0.179736644,-0.007904106751,1
0.04272314161,0.02975568548,-0.1768683642,-0.01137316134,1
0.04272314161,0.03160817921,-0.1769280881,-0.01652602851,1
0.04272314161,0.03346067294,-0.1848043203,-0.0166853182,1
0.04272314161,0.03531316668,-0.1919159293,-0.01373074576,1
0.04272314161,0.03716566041,-0.1925941706,-0.01018730458,1
0.04272314161,0.03901815414,-0.1852043271,-0.008956394158,1
0.04272314161,0.04087064788,-0.1762124747,-0.009923076257,1
0.04272314161,0.04272314161,-0.1690314859,-0.008736044168,1
0.04272314161,0.04457563907,-0.1595837623,-0.006595272571,1
0.04272314161,0.0464281328,-0.1315933913,-0.007966767997,1
0.04272314161,0.04828062654,-0.04822458699,-0.004000009503,1
0.04272314161,0.05013312027,-0.01042345725,-0.001262307633,1
0.04272314161,0.051985614,NaN,NaN,0
0.04272314161,0.05383810773,NaN,NaN,0
0.04457563907,0.001968274824,NaN,NaN,0
0.04457563907,0.003820769023,-0.2008770704,0.002180211479,1
0.04457563907,0.005673262756,-0.2002929747,0.002829310019,1
0.04457563907,0.007525756955,-0.1981955916,0.001665633288,1
0.04457563907,0.009378250688,-0.1928127855,-0.001540530589,1
0.04457563907,0.01123074535,-0.1854764521,-0.002977868775,1
0.04457563907,0.01308323909,-0.1779967844,-0.004496004432,1
0.04457563907,0.01493573282,-0.1724791825,-0.006851092912,1
0.04457563907,0.01678822748,-0.1704307199,-0.007796653081,1
0.04457563907,0.01864072122,-0.1716627926,-0.0074849925,1
0.04457563907,0.02049321495,-0.1772212535,-0.01065558009,1
0.04457563907,0.02234570868,-0.1843105108,-0.01331540104,1
0.04457563907,0.02419820242,-0.1871387511,-0.01417049207,1
0.04457563907,0.02605069801,-0.1842286587,-0.0126828989,1
0.04457563907,0.02790319175,-0.1804507822,-0.008343093097,1
0.04457563907,0.02975568548,-0.179316476,-0.005309113767,1
0.04457563907,0.03160817921,-0.1824003309,-0.005386561621,1
0.04457563907,0.03346067294,-0.1912967861,-0.006384325214,1
0.04457563907,0.03531316668,-0.1967551857,-0.00681339344,1
0.04457563907,0.03716566041,-0.1946566105,-0.00672574807,1
0.04457563907,0.03901815414,-0.1843679249,-0.007297100965,1
0.04457563907,0.04087064788,-0.1743677109,-0.009427734651,1
0.04457563907,0.04272314161,-0.1667253077,-0.009820400737,1
0.04457563907,0.04457563907,-0.1538034081,-0.007293123752,1
0.04457563907,0.0464281328,-0.1187330335,-0.007306408137,1
0.04457563907,0.04828062654,-0.02687351219,-0.002837552223,1
0.04457563907,0.05013312027,-0.002977868775,-0.0008207326755,1
0.04457563907,0.051985614,NaN,NaN,0
0.04457563907,0.05383810773,NaN,NaN,0
0.0464281328,0.001968274824,NaN,NaN,0
0.0464281328,0.003820769023,-0.20001252,0.004414840136,1
0.0464281328,0.005673262756,-0.1987304688,0.006612829864,1
0.0464281328,0.007525756955,-0.1964820772,0.006618638989,1
0.0464281328,0.009378250688,-0.1920107007,0.004109554924,1
0.0464281328,0.01123074535,-0.1852059215,0.001446832321,1
0.0464281328,0.01308323909,-0.1764592826,-0.0013687131,1
0.0464281328,0.01493573282,-0.1692298949,-0.005234815646,1
0.0464281328,0.01678822748,-0.1654414386,-0.008540414274,1
0.0464281328,0.01864072122,-0.1663082838,-0.01085616648,1
0.0464281328,0.02049321495,-0.1731165648,-0.01540522836,1
0.0464281328,0.02234570868,-0.1827377975,-0.01896720193,1
0.0464281328,0.02419820242,-0.187392354,-0.01873037592,1
0.0464281328,0.02605069801,-0.1856268048,-0.01449467801,1
0.0464281328,0.02790319175,-0.1845097542,-0.009009175934,1
0.0464281328,0.02975568548,-0.1840181053,-0.004012112971,1
0.0464281328,0.03160817921,-0.1852280349,-0.00305897044,1
0.0464281328,0.03346067294,-0.1902209818,-0.003540551057,1
0.0464281328,0.03531316668,-0.194326818,-0.002904910827,1
0.0464281328,0.03716566041,-0.1932351589,-0.002928444417,1
0.0464281328,0.03901815414,-0.184697628,-0.003359063761,1
0.0464281328,0.04087064788,-0.1768821925,-0.004381273873,1
0.0464281328,0.04272314161,-0.1703194976,-0.004857753403,1
0.0464281328,0.04457563907,-0.1583728939,-0.00355099421,1
0.0464281328,0.0464281328,-0.1226690784,-0.00336256274,1
0.0464281328,0.04828062654,-0.0256346371,-0.001768675051,1
0.0464281328,0.05013312027,-0.003827278968,-0.0009750308818,2
0.0464281328,0.051985614,NaN,NaN,0
0.0464281328,0.05383810773,NaN,NaN,0
0.04828062654,0.001968274824,NaN,NaN,0
0.04828062654,0.003820769023,-0.1995168328,0.003771062009,1
0.04828062654,0.005673262756,-0.1975015253,0.005717181135,1
0.04828062654,0.007525756955,-0.1941778511,0.007611404639,1
0.04828062654,0.009378250688,-0.188783139,0.008069828153,1
0.04828062654,0.01123074535,-0.182845071,0.005894430913,1
0.04828062654,0.01308323909,-0.1757614762,0.003493765369,1
0.04828062654,0.01493573282,-0.1678910553,0.0001826529478,1
0.04828062654,0.01678822748,-0.1611908972,-0.00465681497,1
0.04828062654,0.01864072122,-0.1605308652,-0.01105639804,1
0.04828062654,0.02049321495,-0.1690303385,-0.01696151868,1
0.04828062654,0.02234570868,-0.1814146936,-0.02129796892,1
0.04828062654,0.02419820242,-0.1875537187,-0.02089324035,1
0.04828062654,0.02605069801,-0.1865859181,-0.01686573774,1
0.04828062654,0.02790319175,-0.1860981435,-0.01232955698,1
0.04828062654,0.02975568548,-0.1851965189,-0.007084354293,1
0.04828062654,0.03160817921,-0.1825158,-0.005438207183,1
0.04828062654,0.03346067294,-0.1844586879,-0.004381203093,1
0.04828062654,0.03531316668,-0.1882634312,-0.002290815115,1
0.04828062654,0.03716566041,-0.1888591796,-0.001209963113,1
0.04828062654,0.03901815414,-0.1839744598,-0.0003536736476,1
0.04828062654,0.04087064788,-0.1779256612,0.001340551185,1
0.04828062654,0.04272314161,-0.1727631986,0.002871852601,1
0.04828062654,0.04457563907,-0.1633959264,0.002841970418,1
0.04828062654,0.0464281328,-0.1297308356,0.001334303874,1
0.04828062654,0.04828062654,-0.0272670798,-0.0008495197399,1
0.04828062654,0.05013312027,-0.004105225671,-0.001106773503,2
0.04828062654,0.051985614,NaN,NaN,0
0.04828062654,0.05383810773,NaN,NaN,0
0.05013312027,0.001968274824,NaN,NaN,0
0.05013312027,0.003820769023,-0.1986641884,-0.0005990677164,1
0.05013312027,0.005673262756,-0.1969727427,0.001084361575,1
0.05013312027,0.007525756955,-0.1929510832,0.004603070207,1
0.05013312027,0.009378250688,-0.1855418831,0.008907167241,1
0.05013312027,0.01123074535,-0.1796382815,0.00919023063,1
0.05013312027,0.01308323909,-0.1737769693,0.007021844853,1
0.05013312027,0.01493573282,-0.1642481834,0.00269018067,1
0.05013312027,0.01678822748,-0.1557337493,-0.003823610721,1
0.05013312027,0.01864072122,-0.1544313878,-0.01149375364,1
0.05013312027,0.02049321495,-0.1643390507,-0.01823637635,1
0.05013312027,0.02234570868,-0.1803879887,-0.0239271801,1
0.05013312027,0.02419820242,-0.1883351505,-0.02621722594,1
0.05013312027,0.02605069801,-0.1857082844,-0.02404042892,1
0.05013312027,0.02790319175,-0.1827026159,-0.01996527612,1
0.05013312027,0.02975568548,-0.1805412173,-0.01266544685,1
0.05013312027,0.03160817921,-0.1762482375,-0.007361620199,1
0.05013312027,0.03346067294,-0.1777908504,-0.005188805982,1
0.05013312027,0.03531316668,-0.183737725,-0.004118531477,1
0.05013312027,0.03716566041,-0.1854401529,-0.003804587061,1
0.05013312027,0.03901815414,-0.1810354888,-0.002120204037,1
0.05013312027,0.04087064788,-0.1746014804,0.00262053404,1
0.05013312027,0.04272314161,-0.1700315922,0.006614414975,1
0.05013312027,0.04457563907,-0.1616208702,0.005791859236,1
0.05013312027,0.0464281328,-0.1286619008,0.003252835479,1
0.05013312027,0.04828062654,-0.02458983287,-0.000292130484,1
0.05013312027,0.05013312027,-0.002320063766,-0.0009598546312,2
0.05013312027,0.051985614,NaN,NaN,0
0.05013312027,0.05383810773,NaN,NaN,0
0.051985614,0.001968274824,NaN,NaN,0
0.051985614,0.003820769023,-0.1988503784,-0.007835971192,1
0.051985614,0.005673262756,-0.1983673722,-0.006069346797,1
0.051985614,0.007525756955,-0.1966927648,-0.001582730212,1
0.051985614,0.009378250688,-0.1901854426,0.005645684432,1
0.051985614,0.01123074535,-0.1817677766,0.008773189038,1
0.051985614,0.01308323909,-0.1709277779,0.006785348523,1
0.051985614,0.01493573282,-0.1572782844,0.001089726924,1
0.051985614,0.01678822748,-0.1494840533,-0.006625481416,1
0.051985614,0.01864072122,-0.1507927626,-0.01358759869,1
0.051985614,0.02049321495,-0.1616565734,-0.01878780127,1
0.051985614,0.02234570868,-0.1795668602,-0.02318116464,1
0.051985614,0.02419820242,-0.1881306767,-0.0281656757,1
0.051985614,0.02605069801,-0.1849400103,-0.02822807617,1
0.051985614,0.02790319175,-0.1812701225,-0.02394884638,1
0.051985614,0.02975568548,-0.1781504154,-0.01572946832,1
0.051985614,0.03160817921,-0.1739788353,-0.01001723297,1
0.051985614,0.03346067294,-0.1752054691,-0.008133378811,1
0.051985614,0.03531316668,-0.1816355735,-0.009751101024,1
0.051985614,0.03716566041,-0.1818780005,-0.01124197617,1
0.051985614,0.03901815414,-0.174907729,-0.00931863673,1
0.051985614,0.04087064788,-0.1676560044,-0.003914501052,1
0.051985614,0.04272314161,-0.1628101468,0.0009500390152,1
0.051985614,0.04457563907,-0.1535848528,0.001504681888,1
0.051985614,0.0464281328,-0.1209956035,0.0007207898889,1
0.051985614,0.04828062654,-0.02330038697,-6.204707461e-05,1
0.051985614,0.05013312027,-0.001780275721,-0.0004793354892,2
0.051985614,0.051985614,NaN,NaN,0
0.051985614,0.05383810773,NaN,NaN,0
0.05383810773,0.001968274824,NaN,NaN,0
0.05383810773,0.003820769023,-0.1993120611,-0.01518852357,1
0.05383810773,0.005673262756,-0.2010516971,-0.01479944121,1
0.05383810773,0.007525756955,-0.2024585307,-0.01079664472,1
0.05383810773,0.009378250688,-0.1970260739,-0.00377556216,1
0.05383810773,0.01123074535,-0.1857792735,0.0005902546109,1
0.05383810773,0.01308323909,-0.1686454713,-0.001033313572,1
0.05383810773,0.01493573282,-0.1522071362,-0.005531764589,1
0.05383810773,0.01678822748,-0.1468838751,-0.01079677418,1
0.05383810773,0.01864072122,-0.1503859013,-0.01415237971,1
0.05383810773,0.02049321495,-0.1619174033,-0.0151494965,1
0.05383810773,0.02234570868,-0.1805740297,-0.01552755386,1
0.05383810773,0.02419820242,-0.1889044791,-0.019790316,1
0.05383810773,0.02605069801,-0.1880699247,-0.02155964077,1
0.05383810773,0.02790319175,-0.186371088,-0.0191861093,1
0.05383810773,0.02975568548,-0.1830495596,-0.01603293046,1
0.05383810773,0.03160817921,-0.1789219379,-0.0161514245,1
0.05383810773,0.03346067294,-0.1762574166,-0.01651757024,1
0.05383810773,0.03531316668,-0.1774164587,-0.01902174205,1
0.05383810773,0.03716566041,-0.1761465669,-0.02170901559,1
0.05383810773,0.03901815414,-0.1688289642,-0.02044181153,1
0.05383810773,0.04087064788,-0.1619935781,-0.01571512595,1
0.05383810773,0.04272314161,-0.1566451043,-0.009742184542,1
0.05383810773,0.04457563907,-0.1454932094,-0.006539571565,1
0.05383810773,0.0464281328,-0.1119325757,-0.004124598578,1
0.05383810773,0.04828062654,-0.02013025247,-0.0009210290737,1
0.05383810773,0.05013312027,-0.0008869883022,-0.0003341807751,2
0.05383810773,0.051985614,NaN,NaN,0
0.05383810773,0.05383810773,NaN,NaN,0
0.05569060147,0.001968274824,NaN,NaN,0
0.05569060147,0.003820769023,-0.1997213364,-0.01747559011,1
0.05569060147,0.005673262756,-0.202217713,-0.01921354793,1
0.05569060147,0.007525756955,-0.2043012232,-0.01882174239,1
0.05569060147,0.009378250688,-0.1984011978,-0.01681591198,1
0.05569060147,0.01123074535,-0.1855418831,-0.01461545564,1
0.05569060147,0.01308323909,-0.1683220863,-0.0143027734,1
0.05569060147,0.01493573282,-0.1530415118,-0.01534869242,1
0.05569060147,0.01678822748,-0.1496208608,-0.01405441109,1
0.05569060147,0.01864072122,-0.1534528136,-0.01098221354,1
0.05569060147,0.02049321495,-0.1636601686,-0.007691206876,1
0.05569060147,0.02234570868,-0.1817723513,-0.005131747574,1
0.05569060147,0.02419820242,-0.1911069602,-0.007677686866,1
0.05569060147,0.02605069801,-0.1933030933,-0.009881886654,1
0.05569060147,0.02790319175,-0.1927643269,-0.01165649202,1
0.05569060147,0.02975568548,-0.1897495538,-0.01661018841,1
0.05569060147,0.03160817921,-0.1854231805,-0.02244443633,1
0.05569060147,0.03346067294,-0.1776528805,-0.02312687971,1
0.05569060147,0.03531316668,-0.1723611206,-0.02438789234,1
0.05569060147,0.03716566041,-0.1698513329,-0.02801776305,1
0.05569060147,0.03901815414,-0.16466102,-0.028530607,1
0.05569060147,0.04087064788,-0.159546569,-0.02475555614,1
0.05569060147,0.04272314161,-0.1549406201,-0.01786279306,1
0.05569060147,0.04457563907,-0.143592,-0.01152975298,1
0.05569060147,0.0464281328,-0.1106876358,-0.00613457663,1
0.05569060147,0.04828062654,-0.02472362854,-0.001406912459,1
0.05569060147,0.05013312027,-0.00254400284,-0.0002750153653,2
0.05569060147,0.051985614,NaN,NaN,0
0.05569060147,0.05383810773,NaN,NaN,0
0.0575430952,0.001968274824,NaN,NaN,0
0.0575430952,0.003820769023,-0.2000852525,-0.01558734849,1
0.0575430952,0.005673262756,-0.2014302462,-0.01806226186,1
0.0575430952,0.007525756955,-0.2015018016,-0.02151349187,1
0.0575430952,0.009378250688,-0.1951752007,-0.02591586486,1
0.0575430952,0.01123074535,-0.1839247346,-0.0273827184,1
0.0575430952,0.01308323909,-0.1703915745,-0.02548547648,1
0.0575430952,0.01493573282,-0.1585722864,-0.02090519108,1
0.0575430952,0.01678822748,-0.1558873206,-0.01317791827,1
0.0575430952,0.01864072122,-0.1585488319,-0.005379470531,1
0.0575430952,0.02049321495,-0.166310221,0.0001016124588,1
0.0575430952,0.02234570868,-0.1821051091,0.002131020883,1
0.0575430952,0.02419820242,-0.1931799054,-0.001265155035,1
0.0575430952,0.02605069801,-0.1939107776,-0.004826497752,1
0.0575430952,0.02790319175,-0.1933771074,-0.007588469889,1
0.0575430952,0.02975568548,-0.1933868825,-0.01129653864,1
0.0575430952,0.03160817921,-0.1910973191,-0.0170020815,1
0.0575430952,0.03346067294,-0.181347698,-0.02084886096,1
0.0575430952,0.03531316668,-0.1718772352,-0.02375732921,1
0.0575430952,0.03716566041,-0.1668059975,-0.02830702811,1
0.0575430952,0.03901815414,-0.1631083637,-0.02970276214,1
0.0575430952,0.04087064788,-0.1598968357,-0.02667546086,1
0.0575430952,0.04272314161,-0.1560285836,-0.02022698335,1
0.0575430952,0.04457563907,-0.1457391977,-0.0108223604,1
0.0575430952,0.0464281328,-0.1139637306,-0.003807544475,1
0.0575430952,0.04828062654,-0.02536291443,-0.0003662259842,1
0.0575430952,0.05013312027,-0.001278007869,0.0001899981144,1
0.0575430952,0.051985614,NaN,NaN,0
0.0575430952,0.05383810773,NaN,NaN,0
0.05939558893,0.001968274824,NaN,NaN,0
0.05939558893,0.003820769023,-0.1991179883,-0.01364364475,1
0.05939558893,0.005673262756,-0.199717924,-0.01488960255,1
0.05939558893,0.007525756955,-0.1977782845,-0.01911014691,1
0.05939558893,0.009378250688,-0.1921946704,-0.02605993859,1
0.05939558893,0.01123074535,-0.185321182,-0.02860387228,1
0.05939558893,0.01308323909,-0.1772070676,-0.0250911992,1
0.05939558893,0.01493573282,-0.1692548543,-0.01698871329,1
0.05939558893,0.01678822748,-0.1653330773,-0.006959418301,1
0.05939558893,0.01864072122,-0.163641125,0.001451215823,1
0.05939558893,0.02049321495,-0.1683553308,0.005799033679,1
0.05939558893,0.02234570868,-0.1804472953,0.005435572937,1
0.05939558893,0.02419820242,-0.1902497262,0.001046594116,1
0.05939558893,0.02605069801,-0.1909140944,-0.002527771052,1
0.05939558893,0.02790319175,-0.1922821403,-0.003501183121,1
0.05939558893,0.02975568548,-0.1969858557,-0.003688982222,1
0.05939558893,0.03160817921,-0.1955820918,-0.00809277501,1
0.05939558893,0.03346067294,-0.1846091151,-0.01531348191,1
0.05939558893,0.03531316668,-0.1727417856,-0.02093492821,1
0.05939558893,0.03716566041,-0.1677839458,-0.02596349828,1
0.05939558893,0.03901815414,-0.1666674614,-0.02672929689,1
0.05939558893,0.04087064788,-0.1646717191,-0.02395458706,1
0.05939558893,0.04272314161,-0.1594672203,-0.0189616885,1
0.05939558893,0.04457563907,-0.1489889175,-0.01054127887,1
0.05939558893,0.0464281328,-0.1202467903,-0.003823966952,1
0.05939558893,0.04828062654,-0.04038714617,-0.0008006843855,1
0.05939558893,0.05013312027,-0.006579359993,9.005719039e-05,1
0.05939558893,0.051985614,NaN,NaN,0
0.05939558893,0.05383810773,NaN,NaN,0
0.06124808267,0.001968274824,NaN,NaN,0
0.06124808267,0.003820769023,-0.1982293874,-0.01349235233,1
0.06124808267,0.005673262756,-0.1987592876,-0.01290071383,1
0.06124808267,0.007525756955,-0.1964794546,-0.01626467519,1
0.06124808267,0.009378250688,-0.1922444254,-0.02261347324,1
0.06124808267,0.01123074535,-0.1892535537,-0.02395745367,1
0.06124808267,0.01308323909,-0.1868137717,-0.01887041144,1
0.06124808267,0.01493573282,-0.1825477481,-0.009440709837,1
0.06124808267,0.01678822748,-0.1761101782,0.0003033652029,1
0.06124808267,0.01864072122,-0.168646872,0.007189881988,1
0.06124808267,0.02049321495,-0.16878815,0.00954453554,1
0.06124808267,0.02234570868,-0.1773025393,0.007144832052,1
0.06124808267,0.02419820242,-0.1870104223,0.002590531018,1
0.06124808267,0.02605069801,-0.1905286014,0.0005285026855,1
0.06124808267,0.02790319175,-0.1931452304,0.0008452972979,1
0.06124808267,0.02975568548,-0.1973662674,-0.0008163872408,1
0.06124808267,0.03160817921,-0.194352299,-0.006531986408,1
0.06124808267,0.03346067294,-0.1843145341,-0.01442152541,1
0.06124808267,0.03531316668,-0.1737753451,-0.01956468262,1
0.06124808267,0.03716566041,-0.1698085517,-0.02262393199,1
0.06124808267,0.03901815414,-0.1711301357,-0.02166808769,1
0.06124808267,0.04087064788,-0.1726515442,-0.01849302463,1
0.06124808267,0.04272314161,-0.1677793264,-0.01445501577,1
0.06124808267,0.04457563907,-0.1551386416,-0.01023788564,1
0.06124808267,0.0464281328,-0.1289217472,-0.006539972965,1
0.06124808267,0.04828062654,-0.07812923193,-0.002169562737,1
0.06124808267,0.05013312027,-0.01583526842,-0.000757242844,1
0.06124808267,0.051985614,NaN,NaN,0
0.06124808267,0.05383810773,NaN,NaN,0
0.0631005764,0.001968274824,NaN,NaN,0
0.0631005764,0.003820769023,-0.1981522739,-0.01211335231,1
0.0631005764,0.005673262756,-0.1986484826,-0.01091084909,1
0.0631005764,0.007525756955,-0.1966601312,-0.01282202918,1
0.0631005764,0.009378250688,-0.1933269799,-0.01674772426,1
0.0631005764,0.01123074535,-0.1931956857,-0.01734243333,1
0.0631005764,0.01308323909,-0.1948164254,-0.01269425731,1
0.0631005764,0.01493573282,-0.1936630607,-0.003349490697,1
0.0631005764,0.01678822748,-0.1856449842,0.004599594511,1
0.0631005764,0.01864072122,-0.1738018543,0.009933969006,1
0.0631005764,0.02049321495,-0.1683170646,0.01163933333,1
0.0631005764,0.02234570868,-0.172713086,0.008336850442,1
0.0631005764,0.02419820242,-0.1836658418,0.002832293278,1
0.0631005764,0.02605069801,-0.1899002641,0.000894130033,1
0.0631005764,0.02790319175,-0.1913461834,0.0003067686339,1
0.0631005764,0.02975568548,-0.1920337528,-0.003848965978,1
0.0631005764,0.03160817921,-0.1881522685,-0.01215676405,1
0.0631005764,0.03346067294,-0.1798586249,-0.01945665665,1
0.0631005764,0.03531316668,-0.1736784577,-0.02258875407,1
0.0631005764,0.03716566041,-0.1716017723,-0.02296369709,1
0.0631005764,0.03901815414,-0.173293069,-0.01847900078,1
0.0631005764,0.04087064788,-0.1783801764,-0.01299627125,1
0.0631005764,0.04272314161,-0.1766818017,-0.009325815365,1
0.0631005764,0.04457563907,-0.16296947,-0.008017284796,1
0.0631005764,0.0464281328,-0.131755963,-0.007078618277,1
0.0631005764,0.04828062654,-0.0841543749,-0.002907482674,1
0.0631005764,0.05013312027,-0.008298817091,-0.0007308811764,1
0.0631005764,0.051985614,NaN,NaN,0
0.0631005764,0.05383810773,NaN,NaN,0
0.06495307386,0.001968274824,NaN,NaN,0
0.06495307386,0.003820769023,-0.1994887143,-0.0094241919,1
0.06495307386,0.005673262756,-0.1999192685,-0.008315159939,1
0.06495307386,0.007525756955,-0.1981132627,-0.008950815536,1
0.06495307386,0.009378250688,-0.1951574385,-0.009284098633,1
0.06495307386,0.01123074535,-0.1965454966,-0.008540986106,1
0.06495307386,0.01308323909,-0.2003696412,-0.00478747068,1
0.06495307386,0.01493573282,-0.1999581903,0.002480175113,1
0.06495307386,0.01678822748,-0.1910366863,0.007271073759,1
0.06495307386,0.01864072122,-0.1769279987,0.01074335072,1
0.06495307386,0.02049321495,-0.1680372804,0.01229766849,1
0.06495307386,0.02234570868,-0.1691832691,0.009605026804,1
0.06495307386,0.02419820242,-0.1780131906,0.00299588521,1
0.06495307386,0.02605069801,-0.1855070144,-0.001979107736,1
0.06495307386,0.02790319175,-0.1864404827,-0.005889718421,1
0.06495307386,0.02975568548,-0.1844069362,-0.01197216101,1
0.06495307386,0.03160817921,-0.1808747649,-0.01988497749,1
0.06495307386,0.03346067294,-0.1747362167,-0.02516213804,1
0.06495307386,0.03531316668,-0.1717699021,-0.02782696113,1
0.06495307386,0.03716566041,-0.1721864194,-0.02724880166,1
0.06495307386,0.03901815414,-0.1740551293,-0.02035378478,1
0.06495307386,0.04087064788,-0.1788281202,-0.01229893323,1
0.06495307386,0.04272314161,-0.1788303554,-0.007546948269,1
0.06495307386,0.04457563907,-0.1664895415,-0.006717139389,1
0.06495307386,0.0464281328,-0.1376059502,-0.007383805234,1
0.06495307386,0.04828062654,-0.09307011217,-0.003937704954,1
0.06495307386,0.05013312027,-0.008034811355,-0.001178425038,1
0.06495307386,0.051985614,NaN,NaN,0
0.06495307386,0.05383810773,NaN,NaN,0
0.06680556387,0.001968274824,NaN,NaN,0
0.06680556387,0.003820769023,-0.2017899305,-0.008080733009,1
0.06680556387,0.005673262756,-0.2025478631,-0.005910146516,1
0.06680556387,0.007525756955,-0.2008074522,-0.004548952449,1
0.06680556387,0.009378250688,-0.1979807168,-0.003150226781,1
0.06680556387,0.01123074535,-0.1993917972,-0.00108439289,1
0.06680556387,0.01308323909,-0.2039943933,0.002376043936,1
0.06680556387,0.01493573282,-0.2023215592,0.005934283603,1
0.06680556387,0.01678822748,-0.1924319267,0.006740095094,1
0.06680556387,0.01864072122,-0.1775364727,0.00878399983,1
0.06680556387,0.02049321495,-0.1682019532,0.01031591464,1
0.06680556387,0.02234570868,-0.1681761295,0.008270703256,1
0.06680556387,0.02419820242,-0.1727509499,0.000402812846,1
0.06680556387,0.02605069801,-0.1777859181,-0.008599770255,1
0.06680556387,0.02790319175,-0.1795494854,-0.01542168483,1
0.06680556387,0.02975568548,-0.1802059412,-0.02067558654,1
0.06680556387,0.03160817921,-0.1800941676,-0.02368634567,1
0.06680556387,0.03346067294,-0.1748099029,-0.02736405097,1
0.06680556387,0.03531316668,-0.1713118255,-0.03204355761,1
0.06680556387,0.03716566041,-0.170884937,-0.03278769553,1
0.06680556387,0.03901815414,-0.1720400006,-0.02650542557,1
0.06680556387,0.04087064788,-0.1744148135,-0.01718163304,1
0.06680556387,0.04272314161,-0.1736596078,-0.00907589402,1
0.06680556387,0.04457563907,-0.1622481793,-0.006739294156,1
0.06680556387,0.0464281328,-0.1351546496,-0.006906198803,1
0.06680556387,0.04828062654,-0.08527690172,-0.004750106949,1
0.06680556387,0.05013312027,-0.00995283667,-0.001540360157,1
0.06680556387,0.051985614,NaN,NaN,0
0.06680556387,0.05383810773,NaN,NaN,0
0.06865806133,0.001968274824,NaN,NaN,0
0.06865806133,0.003820769023,-0.203408435,-0.008970474824,1
0.06865806133,0.005673262756,-0.2052007467,-0.004861132242,1
0.06865806133,0.007525756955,-0.2040561289,-0.002273808001,1
0.06865806133,0.009378250688,-0.2019158155,-0.0009364375146,1
0.06865806133,0.01123074535,-0.2025451213,0.0006795192021,1
0.06865806133,0.01308323909,-0.204568699,0.002448770218,1
0.06865806133,0.01493573282,-0.201733008,0.002669296227,1
0.06865806133,0.01678822748,-0.1910437942,0.0007315871189,1
0.06865806133,0.01864072122,-0.1768977344,0.002012482146,1
0.06865806133,0.02049321495,-0.16873613,0.00378709822,1
0.06865806133,0.02234570868,-0.1674401164,0.002099487232,1
0.06865806133,0.02419820242,-0.1677768677,-0.006258258596,1
0.06865806133,0.02605069801,-0.1697964072,-0.01657715067,1
0.06865806133,0.02790319175,-0.1745375544,-0.02170860767,1
0.06865806133,0.02975568548,-0.1817526966,-0.02264989167,1
0.06865806133,0.03160817921,-0.1864744276,-0.02216197923,1
0.06865806133,0.03346067294,-0.1779853106,-0.02675826102,1
0.06865806133,0.03531316668,-0.1712599844,-0.03304422274,1
0.06865806133,0.03716566041,-0.1692802906,-0.03590755537,1
0.06865806133,0.03901815414,-0.1693103611,-0.03162571415,1
0.06865806133,0.04087064788,-0.1687590331,-0.0229150001,1
0.06865806133,0.04272314161,-0.16562289,-0.01300668903,1
0.06865806133,0.04457563907,-0.1548206508,-0.007940107957,1
0.06865806133,0.0464281328,-0.1207731888,-0.005255708005,1
0.06865806133,0.04828062654,-0.03794671595,-0.002185299061,1
0.06865806133,0.05013312027,-0.001197646488,-0.0008518325631,1
0.06865806133,0.051985614,NaN,NaN,0
0.06865806133,0.05383810773,NaN,NaN,0
0.07051055133,0.001968274824,NaN,NaN,0
0.07051055133,0.003820769023,-0.2028284669,-0.00954833813,1
0.07051055133,0.005673262756,-0.205033794,-0.005653346889,1
0.07051055133,0.007525756955,-0.2054232061,-0.003561780322,1
0.07051055133,0.009378250688,-0.2053484619,-0.004458630923,1
0.07051055133,0.01123074535,-0.2049169987,-0.002970472211,1
0.07051055133,0.01308323909,-0.2040063888,-0.002875089645,1
0.07051055133,0.01493573282,-0.1994851977,-0.00481333537,1
0.07051055133,0.01678822748,-0.1876001358,-0.006388899405,1
0.07051055133,0.01864072122,-0.1760170013,-0.005122505128,1
0.07051055133,0.02049321495,-0.1685032547,-0.004045432899,1
0.07051055133,0.02234570868,-0.1644644141,-0.006887774915,1
0.07051055133,0.02419820242,-0.1631600261,-0.01433033217,1
0.07051055133,0.02605069801,-0.1660643071,-0.0202390682,1
0.07051055133,0.02790319175,-0.176015839,-0.02196035534,1
0.07051055133,0.02975568548,-0.1886976659,-0.01875946485,1
0.07051055133,0.03160817921,-0.1921402067,-0.01806180365,1
0.07051055133,0.03346067294,-0.1770363599,-0.02427897602,1
0.07051055133,0.03531316668,-0.1684155315,-0.03051917627,1
0.07051055133,0.03716566041,-0.1674048603,-0.03535296395,1
0.07051055133,0.03901815414,-0.1677549183,-0.03441530839,1
0.07051055133,0.04087064788,-0.1664627492,-0.02744393982,1
0.07051055133,0.04272314161,-0.162191242,-0.01819899306,1
0.07051055133,0.04457563907,-0.1517672092,-0.01097292453,1
0.07051055133,0.0464281328,-0.1140926778,-0.005768433213,1
0.07051055133,0.04828062654,-0.02712934837,-0.002099993872,1
0.07051055133,0.05013312027,-0.00233133859,-0.00100778311,1
0.07051055133,0.051985614,NaN,NaN,0
0.07051055133,0.05383810773,NaN,NaN,0
0.07236304879,0.001968274824,NaN,NaN,0
0.07236304879,0.003820769023,-0.2006925792,-0.009868862107,1
0.07236304879,0.005673262756,-0.2017647624,-0.008358183317,1
0.07236304879,0.007525756955,-0.2037046552,-0.006817311049,1
0.07236304879,0.009378250688,-0.2064683437,-0.009389990941,1
0.07236304879,0.01123074535,-0.2065241486,-0.008826724254,1
0.07236304879,0.01308323909,-0.2047069222,-0.009736754,1
0.07236304879,0.01493573282,-0.1984151304,-0.01156288758,1
0.07236304879,0.01678822748,-0.1859357804,-0.01154378895,1
0.07236304879,0.01864072122,-0.1760694683,-0.009991916828,1
0.07236304879,0.02049321495,-0.1681755334,-0.010073632,1
0.07236304879,0.02234570868,-0.1623402983,-0.0143346237,1
0.07236304879,0.02419820242,-0.1625451595,-0.02011537738,1
0.07236304879,0.02605069801,-0.1686625928,-0.02101171017,1
0.07236304879,0.02790319175,-0.1808742285,-0.01888386905,1
0.07236304879,0.02975568548,-0.1945374906,-0.0125276288,1
0.07236304879,0.03160817921,-0.1917191893,-0.01371222828,1
0.07236304879,0.03346067294,-0.1725614667,-0.02163051628,1
0.07236304879,0.03531316668,-0.1634769738,-0.02738001943,1
0.07236304879,0.03716566041,-0.1643394083,-0.03355016187,1
0.07236304879,0.03901815414,-0.1663690507,-0.03689101338,1
0.07236304879,0.04087064788,-0.167056635,-0.03372387961,1
0.07236304879,0.04272314161,-0.1633326262,-0.02643574029,1
0.07236304879,0.04457563907,-0.1474760026,-0.01911160722,1
0.07236304879,0.0464281328,-0.1072664782,-0.01148637105,1
0.07236304879,0.04828062654,-0.0254207328,-0.003647241509,1
0.07236304879,0.05013312027,-0.004357862752,-0.001497616642,2
0.07236304879,0.051985614,NaN,NaN,0
0.07236304879,0.05383810773,NaN,NaN,0
