PIVlab, ASCII chart output - 08-Oct-2024
FRAME: 228, filenames: A: Basler_acA640-750um__24761715__20241004_145722425_0454.bmp & B: Basler_acA640-750um__24761715__20241004_145722425_0455.bmp, conversion factor xy (px -> m): 0.00011578, conversion factor uv (px/frame -> m/s): 0.034769
x [m],y [m],u [m/s],v [m/s],Vector type [-]
0.001968274824,0.001968274824,NaN,NaN,0
0.001968274824,0.003820769023,-0.1881408542,-0.003834125819,1
0.001968274824,0.005673262756,-0.1904047728,-0.002820486436,1
0.001968274824,0.007525756955,-0.1920438707,0.00191197067,1
0.001968274824,0.009378250688,-0.1927677691,0.006831848063,1
0.001968274824,0.01123074535,-0.1928001046,0.007583226543,1
0.001968274824,0.01308323909,-0.1881266981,0.001615703222,1
0.001968274824,0.01493573282,-0.1854451001,-0.006454894319,1
0.001968274824,0.01678822748,-0.1846573502,-0.01036357135,1
0.001968274824,0.01864072122,-0.1829892844,-0.01231903117,1
0.001968274824,0.02049321495,-0.1853209436,-0.01719330251,1
0.001968274824,0.02234570868,-0.1891035438,-0.02221484296,1
0.001968274824,0.02419820242,-0.1897922903,-0.02205449343,1
0.001968274824,0.02605069801,-0.1875312775,-0.02072910592,1
0.001968274824,0.02790319175,-0.1829674095,-0.0216375906,1
0.001968274824,0.02975568548,-0.1803490818,-0.023741493,1
0.001968274824,0.03160817921,-0.1813996732,-0.02735095657,1
0.001968274824,0.03346067294,-0.1803119034,-0.02903213724,1
0.001968274824,0.03531316668,-0.1795762926,-0.02972533926,1
0.001968274824,0.03716566041,-0.1788270921,-0.02742272243,1
0.001968274824,0.03901815414,-0.1738108844,-0.02172064781,1
0.001968274824,0.04087064788,-0.1680005044,-0.01531982329,1
0.001968274824,0.04272314161,-0.1654482782,-0.009443950839,1
0.001968274824,0.04457563907,-0.1593272984,-0.006001500413,1
0.001968274824,0.0464281328,-0.1336506307,-0.006695854012,1
0.001968274824,0.04828062654,-0.06665184349,-0.00605503656,1
0.001968274824,0.05013312027,-0.03394228965,-0.004873599857,1
0.001968274824,0.051985614,NaN,NaN,0
0.001968274824,0.05383810773,NaN,NaN,0
0.003820769023,0.001968274824,NaN,NaN,0
0.003820769023,0.003820769023,-0.1838274896,-0.002468374325,1
0.003820769023,0.005673262756,-0.1861086637,-0.00335120596,1
0.003820769023,0.007525756955,-0.1880400479,-0.002243347233,1
0.003820769023,0.009378250688,-0.1889383644,0.0001117579959,1
0.003820769023,0.01123074535,-0.1886830032,0.0008005718119,1
0.003820769023,0.01308323909,-0.1842551529,-0.002573450096,1
0.003820769023,0.01493573282,-0.1834772527,-0.007550775073,1
0.003820769023,0.01678822748,-0.1845018715,-0.009378863499,1
0.003820769023,0.01864072122,-0.1827966124,-0.01127812266,1
0.003820769023,0.02049321495,-0.1841700524,-0.01691803709,1
0.003820769023,0.02234570868,-0.1885638237,-0.02312536165,1
0.003820769023,0.02419820242,-0.1914232075,-0.0264586024,1
0.003820769023,0.02605069801,-0.1917754561,-0.02736598998,1
0.003820769023,0.02790319175,-0.187425375,-0.02534778789,1
0.003820769023,0.02975568548,-0.1837774664,-0.02224476077,1
0.003820769023,0.03160817921,-0.1828400344,-0.02153620496,1
0.003820769023,0.03346067294,-0.1801164448,-0.02300673164,1
0.003820769023,0.03531316668,-0.1777273715,-0.02609790117,1
0.003820769023,0.03716566041,-0.1785055101,-0.0254280623,1
0.003820769023,0.03901815414,-0.1777318567,-0.02048814297,1
0.003820769023,0.04087064788,-0.1749723405,-0.01549842302,1
0.003820769023,0.04272314161,-0.1709704101,-0.01197267789,1
0.003820769023,0.04457563907,-0.1547982842,-0.009925716557,1
0.003820769023,0.0464281328,-0.1182106137,-0.009885863401,1
0.003820769023,0.04828062654,-0.05405141413,-0.006368014496,1
0.003820769023,0.05013312027,-0.00897467602,-0.00329773454,1
0.003820769023,0.051985614,NaN,NaN,0
0.003820769023,0.05383810773,NaN,NaN,0
0.005673262756,0.001968274824,NaN,NaN,0
0.005673262756,0.003820769023,-0.1823996156,-0.003170780838,1
0.005673262756,0.005673262756,-0.1841246933,-0.00379158929,1
0.005673262756,0.007525756955,-0.1857220083,-0.004360860679,1
0.005673262756,0.009378250688,-0.1862167418,-0.0047267396,1
0.005673262756,0.01123074535,-0.1848831028,-0.004488801118,1
0.005673262756,0.01308323909,-0.1814344674,-0.004721507896,1
0.005673262756,0.01493573282,-0.1823627353,-0.007491636556,1
0.005673262756,0.01678822748,-0.1846752316,-0.009432826191,1
0.005673262756,0.01864072122,-0.1832510531,-0.01132694446,1
0.005673262756,0.02049321495,-0.1833764911,-0.01629781723,1
0.005673262756,0.02234570868,-0.1875481606,-0.02191094495,1
0.005673262756,0.02419820242,-0.1923123151,-0.02608676441,1
0.005673262756,0.02605069801,-0.1945368201,-0.02737086453,1
0.005673262756,0.02790319175,-0.1919091493,-0.02564395592,1
0.005673262756,0.02975568548,-0.188122794,-0.02134121768,1
0.005673262756,0.03160817921,-0.1849023551,-0.01886986755,1
0.005673262756,0.03346067294,-0.1792477518,-0.02101330832,1
0.005673262756,0.03531316668,-0.1753519028,-0.02302821353,1
0.005673262756,0.03716566041,-0.1772236228,-0.02163564228,1
0.005673262756,0.03901815414,-0.1798336059,-0.01745715551,1
0.005673262756,0.04087064788,-0.1807834804,-0.01437426545,1
0.005673262756,0.04272314161,-0.1777997911,-0.01364921033,1
0.005673262756,0.04457563907,-0.1583700627,-0.01294805855,1
0.005673262756,0.0464281328,-0.118232213,-0.01139304601,1
0.005673262756,0.04828062654,-0.05969873443,-0.006013349164,1
0.005673262756,0.05013312027,-0.006869520061,-0.002271109726,1
0.005673262756,0.051985614,NaN,NaN,0
0.005673262756,0.05383810773,NaN,NaN,0
0.007525756955,0.001968274824,NaN,NaN,0
0.007525756955,0.003820769023,-0.1854951084,-0.005272831768,1
0.007525756955,0.005673262756,-0.1868354678,-0.003755854908,1
0.007525756955,0.007525756955,-0.1866726875,-0.002661322244,1
0.007525756955,0.009378250688,-0.1859348416,-0.002811754355,1
0.007525756955,0.01123074535,-0.1847436577,-0.003050583415,1
0.007525756955,0.01308323909,-0.1828575581,-0.002683497034,1
0.007525756955,0.01493573282,-0.184056133,-0.004286810756,1
0.007525756955,0.01678822748,-0.1838734299,-0.007830649614,1
0.007525756955,0.01864072122,-0.1817990839,-0.01156727225,1
0.007525756955,0.02049321495,-0.1830483079,-0.01581968367,1
0.007525756955,0.02234570868,-0.1876285821,-0.02044221014,1
0.007525756955,0.02419820242,-0.193414405,-0.02334482037,1
0.007525756955,0.02605069801,-0.196763292,-0.02503825352,1
0.007525756955,0.02790319175,-0.1960150599,-0.02415958047,1
0.007525756955,0.02975568548,-0.1931213588,-0.02095081657,1
0.007525756955,0.03160817921,-0.1876122206,-0.01965786517,1
0.007525756955,0.03346067294,-0.1796335727,-0.02124443837,1
0.007525756955,0.03531316668,-0.1748913825,-0.02112569846,1
0.007525756955,0.03716566041,-0.1751458496,-0.01804309152,1
0.007525756955,0.03901815414,-0.1776264161,-0.01392576378,1
0.007525756955,0.04087064788,-0.18113105,-0.01203879248,1
0.007525756955,0.04272314161,-0.1812544912,-0.01306433976,1
0.007525756955,0.04457563907,-0.1656155139,-0.01360605005,1
0.007525756955,0.0464281328,-0.1196895465,-0.0111349849,1
0.007525756955,0.04828062654,-0.04477020353,-0.005568288267,1
0.007525756955,0.05013312027,-0.006720190868,-0.002256367123,1
0.007525756955,0.051985614,NaN,NaN,0
0.007525756955,0.05383810773,NaN,NaN,0
0.009378250688,0.001968274824,NaN,NaN,0
0.009378250688,0.003820769023,-0.1896748543,-0.007271528244,1
0.009378250688,0.005673262756,-0.1897601634,-0.005580095574,1
0.009378250688,0.007525756955,-0.1891547143,-0.001993927173,1
0.009378250688,0.009378250688,-0.1881099194,0.001199931838,1
0.009378250688,0.01123074535,-0.1874410063,0.001107707503,1
0.009378250688,0.01308323909,-0.1858589351,0.0009945665952,1
0.009378250688,0.01493573282,-0.1855052859,-5.890157991e-05,1
0.009378250688,0.01678822748,-0.1825900227,-0.004015399609,1
0.009378250688,0.01864072122,-0.1799189299,-0.008759574965,1
0.009378250688,0.02049321495,-0.1829422265,-0.01359446626,1
0.009378250688,0.02234570868,-0.1891319752,-0.01850431412,1
0.009378250688,0.02419820242,-0.194799304,-0.02057162486,1
0.009378250688,0.02605069801,-0.197274223,-0.02144605853,1
0.009378250688,0.02790319175,-0.1967788786,-0.02068603039,1
0.009378250688,0.02975568548,-0.1947434247,-0.01705093309,1
0.009378250688,0.03160817921,-0.1889555007,-0.01728113182,1
0.009378250688,0.03346067294,-0.1811363846,-0.01986217685,1
0.009378250688,0.03531316668,-0.1754510701,-0.0197579246,1
0.009378250688,0.03716566041,-0.172175169,-0.01671178825,1
0.009378250688,0.03901815414,-0.1723925769,-0.01291712001,1
0.009378250688,0.04087064788,-0.1766310185,-0.01065640338,1
0.009378250688,0.04272314161,-0.1800139844,-0.01154003106,1
0.009378250688,0.04457563907,-0.1677547693,-0.01222892012,1
0.009378250688,0.0464281328,-0.1184806377,-0.01035533007,1
0.009378250688,0.04828062654,-0.03459976241,-0.003870844375,1
0.009378250688,0.05013312027,-0.0007369807572,-0.001399655594,1
0.009378250688,0.051985614,NaN,NaN,0
0.009378250688,0.05383810773,NaN,NaN,0
0.01123074535,0.001968274824,NaN,NaN,0
0.01123074535,0.003820769023,-0.1931960583,-0.00765499007,1
0.01123074535,0.005673262756,-0.1921068579,-0.007391998079,1
0.01123074535,0.007525756955,-0.1915660948,-0.004560833331,1
0.01123074535,0.009378250688,-0.1918852329,0.0004144777777,1
0.01123074535,0.01123074535,-0.1912602037,0.002491874387,1
0.01123074535,0.01308323909,-0.1894512624,0.003487693612,1
0.01123074535,0.01493573282,-0.1865970641,0.001980856061,1
0.01123074535,0.01678822748,-0.1818236709,-0.002222520998,1
0.01123074535,0.01864072122,-0.1795481741,-0.006845325232,1
0.01123074535,0.02049321495,-0.1837396622,-0.01127306465,1
0.01123074535,0.02234570868,-0.1917021722,-0.01462866738,1
0.01123074535,0.02419820242,-0.1973002106,-0.01483149547,1
0.01123074535,0.02605069801,-0.198784247,-0.015656434,1
0.01123074535,0.02790319175,-0.1965370178,-0.01749022491,1
0.01123074535,0.02975568548,-0.1914700121,-0.0133613646,1
0.01123074535,0.03160817921,-0.1859937906,-0.01383498777,1
0.01123074535,0.03346067294,-0.1809256524,-0.01773275062,1
0.01123074535,0.03531316668,-0.1755066961,-0.01890536211,1
0.01123074535,0.03716566041,-0.1694457382,-0.01632590592,1
0.01123074535,0.03901815414,-0.1672949642,-0.01246245112,1
0.01123074535,0.04087064788,-0.1713399589,-0.01002516039,1
0.01123074535,0.04272314161,-0.1792839319,-0.01036584843,1
0.01123074535,0.04457563907,-0.1735397726,-0.01055345591,1
0.01123074535,0.0464281328,-0.1342778504,-0.009828258306,1
0.01123074535,0.04828062654,-0.06846872717,-0.004410776775,1
0.01123074535,0.05013312027,-0.01900673471,-0.001805521082,2
0.01123074535,0.051985614,NaN,NaN,0
0.01123074535,0.05383810773,NaN,NaN,0
0.01308323909,0.001968274824,NaN,NaN,0
0.01308323909,0.003820769023,-0.1967324466,-0.006044814829,1
0.01308323909,0.005673262756,-0.1957625151,-0.005814399105,1
0.01308323909,0.007525756955,-0.1945559531,-0.00365830888,1
0.01308323909,0.009378250688,-0.1942045391,0.000208916681,1
0.01308323909,0.01123074535,-0.1936070919,0.002140586963,1
0.01308323909,0.01308323909,-0.1919035912,0.00321310875,1
0.01308323909,0.01493573282,-0.1867899895,0.00104142644,1
0.01308323909,0.01678822748,-0.1800240278,-0.004185136408,1
0.01308323909,0.01864072122,-0.1781412959,-0.008635917678,1
0.01308323909,0.02049321495,-0.1851617098,-0.01104796119,1
0.01308323909,0.02234570868,-0.1956628412,-0.01146319136,1
0.01308323909,0.02419820242,-0.2010772973,-0.01021803729,1
0.01308323909,0.02605069801,-0.2010987997,-0.01293577254,1
0.01308323909,0.02790319175,-0.1957953423,-0.01767870784,1
0.01308323909,0.02975568548,-0.1864355952,-0.01587599888,1
0.01308323909,0.03160817921,-0.1819172353,-0.01441814471,1
0.01308323909,0.03346067294,-0.1802377999,-0.0157464873,1
0.01308323909,0.03531316668,-0.1762780994,-0.01621972397,1
0.01308323909,0.03716566041,-0.1692219228,-0.01487427671,1
0.01308323909,0.03901815414,-0.165688321,-0.01207861584,1
0.01308323909,0.04087064788,-0.169559896,-0.009668443352,1
0.01308323909,0.04272314161,-0.1782877892,-0.008835297078,1
0.01308323909,0.04457563907,-0.1781885177,-0.008482308127,1
0.01308323909,0.0464281328,-0.1545029581,-0.007991204038,1
0.01308323909,0.04828062654,-0.09807811677,-0.004583273083,1
0.01308323909,0.05013312027,-0.02401691675,-0.001787902438,1
0.01308323909,0.051985614,NaN,NaN,0
0.01308323909,0.05383810773,NaN,NaN,0
0.01493573282,0.001968274824,NaN,NaN,0
0.01493573282,0.003820769023,-0.1978060007,-0.005973215215,1
0.01493573282,0.005673262756,-0.1991773844,-0.004823152442,1
0.01493573282,0.007525756955,-0.1975620389,-0.003422254929,1
0.01493573282,0.009378250688,-0.1949943006,-0.001262876787,1
0.01493573282,0.01123074535,-0.1938612014,0.0002578912536,1
0.01493573282,0.01308323909,-0.1928464919,0.001544744475,1
0.01493573282,0.01493573282,-0.1867302507,-0.0007744010654,1
0.01493573282,0.01678822748,-0.1767272055,-0.007480801549,1
0.01493573282,0.01864072122,-0.1750981659,-0.0123829972,1
0.01493573282,0.02049321495,-0.1862912029,-0.01248443685,1
0.01493573282,0.02234570868,-0.1997867227,-0.01195268892,1
0.01493573282,0.02419820242,-0.202505365,-0.01253112033,1
0.01493573282,0.02605069801,-0.1989594996,-0.01638951711,1
0.01493573282,0.02790319175,-0.1919236481,-0.02040843107,1
0.01493573282,0.02975568548,-0.1835594773,-0.0188250374,1
0.01493573282,0.03160817921,-0.1810003072,-0.01594503038,1
0.01493573282,0.03346067294,-0.1806464195,-0.01439688727,1
0.01493573282,0.03531316668,-0.177049011,-0.01368508115,1
0.01493573282,0.03716566041,-0.1699858755,-0.01428063493,1
0.01493573282,0.03901815414,-0.1667690724,-0.01327734441,1
0.01493573282,0.04087064788,-0.1702429354,-0.01071008574,1
0.01493573282,0.04272314161,-0.1772313565,-0.008231112733,1
0.01493573282,0.04457563907,-0.1773383021,-0.007011151873,1
0.01493573282,0.0464281328,-0.1583112031,-0.006843919866,1
0.01493573282,0.04828062654,-0.1050014719,-0.003906139638,1
0.01493573282,0.05013312027,-0.01888823509,-0.001430565491,1
0.01493573282,0.051985614,NaN,NaN,0
0.01493573282,0.05383810773,NaN,NaN,0
0.01678822748,0.001968274824,NaN,NaN,0
0.01678822748,0.003820769023,-0.1971679777,-0.008863589726,1
0.01678822748,0.005673262756,-0.1999278516,-0.005725447088,1
0.01678822748,0.007525756955,-0.1973233521,-0.004632155411,1
0.01678822748,0.009378250688,-0.1938446909,-0.003211684292,1
0.01678822748,0.01123074535,-0.1931640953,-0.0010801428,1
0.01678822748,0.01308323909,-0.192909494,0.0005076379166,1
0.01678822748,0.01493573282,-0.1864407808,-0.002635892713,1
0.01678822748,0.01678822748,-0.1742685586,-0.01079328731,1
0.01678822748,0.01864072122,-0.1730073839,-0.01593111269,1
0.01678822748,0.02049321495,-0.1826493442,-0.01613218337,1
0.01678822748,0.02234570868,-0.1937645823,-0.0158316493,1
0.01678822748,0.02419820242,-0.1956318319,-0.01792505942,1
0.01678822748,0.02605069801,-0.1911964566,-0.02150585502,1
0.01678822748,0.02790319175,-0.1854897887,-0.02163783833,1
0.01678822748,0.02975568548,-0.181306228,-0.01892744377,1
0.01678822748,0.03160817921,-0.1809938997,-0.01747881062,1
0.01678822748,0.03346067294,-0.1817079782,-0.01667189039,1
0.01678822748,0.03531316668,-0.1784836501,-0.01691979356,1
0.01678822748,0.03716566041,-0.1726889461,-0.01792975143,1
0.01678822748,0.03901815414,-0.1718120575,-0.01655109227,1
0.01678822748,0.04087064788,-0.1756134629,-0.01413117535,1
0.01678822748,0.04272314161,-0.1794640869,-0.0109829763,1
0.01678822748,0.04457563907,-0.1766289026,-0.00784564577,1
0.01678822748,0.0464281328,-0.1565838754,-0.006165117491,1
0.01678822748,0.04828062654,-0.09931723773,-0.003118761349,1
0.01678822748,0.05013312027,-0.01458140649,-0.001242434722,1
0.01678822748,0.051985614,NaN,NaN,0
0.01678822748,0.05383810773,NaN,NaN,0
0.01864072122,0.001968274824,NaN,NaN,0
0.01864072122,0.003820769023,-0.1984316558,-0.009222346358,1
0.01864072122,0.005673262756,-0.2003627867,-0.006226798985,1
0.01864072122,0.007525756955,-0.1972398162,-0.004771779757,1
0.01864072122,0.009378250688,-0.193453446,-0.003200775478,1
0.01864072122,0.01123074535,-0.1920632869,-0.0008004205883,1
0.01864072122,0.01308323909,-0.1908169836,0.0002058521786,1
0.01864072122,0.01493573282,-0.1849185228,-0.005093416665,1
0.01864072122,0.01678822748,-0.1751999408,-0.01533754729,1
0.01864072122,0.01864072122,-0.1738106459,-0.02135727927,1
0.01864072122,0.02049321495,-0.1788352132,-0.02166128531,1
0.01864072122,0.02234570868,-0.1850938946,-0.02044143155,1
0.01864072122,0.02419820242,-0.1866588145,-0.02233514376,1
0.01864072122,0.02605069801,-0.184055388,-0.02378171496,1
0.01864072122,0.02790319175,-0.1808315217,-0.02262711339,1
0.01864072122,0.02975568548,-0.1802095175,-0.02176537178,1
0.01864072122,0.03160817921,-0.1820615828,-0.02190555446,1
0.01864072122,0.03346067294,-0.1840774566,-0.02155173942,1
0.01864072122,0.03531316668,-0.1823315024,-0.02193390764,1
0.01864072122,0.03716566041,-0.179953739,-0.02217737027,1
0.01864072122,0.03901815414,-0.1814305782,-0.02041339502,1
0.01864072122,0.04087064788,-0.1845245808,-0.01906371675,1
0.01864072122,0.04272314161,-0.1844852716,-0.01658779196,1
0.01864072122,0.04457563907,-0.1764797121,-0.01040437259,1
0.01864072122,0.0464281328,-0.1508146226,-0.006237899419,1
0.01864072122,0.04828062654,-0.08955242485,-0.002900850028,1
0.01864072122,0.05013312027,-0.01634392329,-0.001221137354,1
0.01864072122,0.051985614,NaN,NaN,0
0.01864072122,0.05383810773,NaN,NaN,0
0.02049321495,0.001968274824,NaN,NaN,0
0.02049321495,0.003820769023,-0.198943615,-0.008186110295,1
0.02049321495,0.005673262756,-0.2002550215,-0.006614261307,1
0.02049321495,0.007525756955,-0.1984091997,-0.00483119674,1
0.02049321495,0.009378250688,-0.1943413168,-0.002705417108,1
0.02049321495,0.01123074535,-0.191096887,0.0001438873296,1
0.02049321495,0.01308323909,-0.1875792593,-3.399672278e-05,1
0.02049321495,0.01493573282,-0.1821056157,-0.008819279261,1
0.02049321495,0.01678822748,-0.1770568192,-0.02139349096,1
0.02049321495,0.01864072122,-0.176187247,-0.02638301626,1
0.02049321495,0.02049321495,-0.1770075411,-0.02493048646,1
0.02049321495,0.02234570868,-0.1780952215,-0.02275879309,1
0.02049321495,0.02419820242,-0.1791166663,-0.02432585694,1
0.02049321495,0.02605069801,-0.1786923409,-0.02610239014,1
0.02049321495,0.02790319175,-0.1783800721,-0.02701690048,1
0.02049321495,0.02975568548,-0.1809808463,-0.02791451104,1
0.02049321495,0.03160817921,-0.1847923696,-0.02734029666,1
0.02049321495,0.03346067294,-0.1874757707,-0.02623285353,1
0.02049321495,0.03531316668,-0.1881543547,-0.02598084509,1
0.02049321495,0.03716566041,-0.18820481,-0.02555068024,1
0.02049321495,0.03901815414,-0.1881865412,-0.02450914308,1
0.02049321495,0.04087064788,-0.1874006391,-0.02278610319,1
0.02049321495,0.04272314161,-0.1871342957,-0.01836925745,1
0.02049321495,0.04457563907,-0.1795537472,-0.01161599532,1
0.02049321495,0.0464281328,-0.1476827264,-0.006975966971,1
0.02049321495,0.04828062654,-0.07253641635,-0.003526593326,1
0.02049321495,0.05013312027,-0.01100687403,-0.001193905831,1
0.02049321495,0.051985614,NaN,NaN,0
0.02049321495,0.05383810773,NaN,NaN,0
0.02234570868,0.001968274824,NaN,NaN,0
0.02234570868,0.003820769023,-0.1988288164,-0.008024394512,1
0.02234570868,0.005673262756,-0.1989399195,-0.007746166084,1
0.02234570868,0.007525756955,-0.1974080652,-0.006779991556,1
0.02234570868,0.009378250688,-0.1934737861,-0.00349145825,1
0.02234570868,0.01123074535,-0.1901784688,0.0001774395932,1
0.02234570868,0.01308323909,-0.1861240268,-0.0004791087122,1
0.02234570868,0.01493573282,-0.1800440997,-0.01017125603,1
0.02234570868,0.01678822748,-0.1768304855,-0.02350156754,1
0.02234570868,0.01864072122,-0.1779333502,-0.02882619575,1
0.02234570868,0.02049321495,-0.1779998839,-0.02537009679,1
0.02234570868,0.02234570868,-0.1754224747,-0.02381025814,1
0.02234570868,0.02419820242,-0.1748605967,-0.02634118125,1
0.02234570868,0.02605069801,-0.1754612327,-0.03022430651,1
0.02234570868,0.02790319175,-0.1770584732,-0.0326121971,1
0.02234570868,0.02975568548,-0.1820382625,-0.03211494535,1
0.02234570868,0.03160817921,-0.1881075799,-0.02924507298,1
0.02234570868,0.03346067294,-0.1919744611,-0.02643150836,1
0.02234570868,0.03531316668,-0.1931428909,-0.0251981318,1
0.02234570868,0.03716566041,-0.1911934167,-0.02587804571,1
0.02234570868,0.03901815414,-0.1854344308,-0.02652792074,1
0.02234570868,0.04087064788,-0.1824092567,-0.02385911345,1
0.02234570868,0.04272314161,-0.184556812,-0.01771510579,1
0.02234570868,0.04457563907,-0.1810006797,-0.01270208973,1
0.02234570868,0.0464281328,-0.1534649879,-0.008588387631,1
0.02234570868,0.04828062654,-0.07214559615,-0.0048958119,1
0.02234570868,0.05013312027,-0.02006835677,-0.00202518981,2
0.02234570868,0.051985614,NaN,NaN,0
0.02234570868,0.05383810773,NaN,NaN,0
0.02419820242,0.001968274824,NaN,NaN,0
0.02419820242,0.003820769023,-0.1989066303,-0.007298391778,1
0.02419820242,0.005673262756,-0.1978024393,-0.006840106566,1
0.02419820242,0.007525756955,-0.196661517,-0.005397559144,1
0.02419820242,0.009378250688,-0.1930498034,-0.002048903378,1
0.02419820242,0.01123074535,-0.1902098209,0.001098459587,1
0.02419820242,0.01308323909,-0.1864412278,0.0008074693615,1
0.02419820242,0.01493573282,-0.1793744415,-0.006072699092,1
0.02419820242,0.01678822748,-0.1754843593,-0.01587045565,1
0.02419820242,0.01864072122,-0.1774316132,-0.02153283358,1
0.02419820242,0.02049321495,-0.1798019111,-0.02238961495,1
0.02419820242,0.02234570868,-0.1784000099,-0.02453237958,1
0.02419820242,0.02419820242,-0.1777326912,-0.0275946781,1
0.02419820242,0.02605069801,-0.1784959137,-0.03110714443,1
0.02419820242,0.02790319175,-0.1813822985,-0.03183375299,1
0.02419820242,0.02975568548,-0.1876088083,-0.02873135731,1
0.02419820242,0.03160817921,-0.1938218325,-0.02441574819,1
0.02419820242,0.03346067294,-0.19573313,-0.02041024528,1
0.02419820242,0.03531316668,-0.1936816722,-0.01896990277,1
0.02419820242,0.03716566041,-0.1890796572,-0.02099950425,1
0.02419820242,0.03901815414,-0.1825772077,-0.02305707894,1
0.02419820242,0.04087064788,-0.1780916303,-0.02215917036,1
0.02419820242,0.04272314161,-0.1786330938,-0.01844571903,1
0.02419820242,0.04457563907,-0.1758767515,-0.01494590286,1
0.02419820242,0.0464281328,-0.1518121958,-0.01026836038,1
0.02419820242,0.04828062654,-0.07455804199,-0.004311191384,1
0.02419820242,0.05013312027,-0.02716247365,-0.001502808998,1
0.02419820242,0.051985614,NaN,NaN,0
0.02419820242,0.05383810773,NaN,NaN,0
0.02605069801,0.001968274824,NaN,NaN,0
0.02605069801,0.003820769023,-0.2006195039,-0.004002409987,1
0.02605069801,0.005673262756,-0.1988686919,-0.002168196253,1
0.02605069801,0.007525756955,-0.1971718967,0.0004120160593,1
0.02605069801,0.009378250688,-0.1936425567,0.003242733888,1
0.02605069801,0.01123074535,-0.1899245232,0.0056171217,1
0.02605069801,0.01308323909,-0.1849872321,0.005292660091,1
0.02605069801,0.01493573282,-0.1781364381,0.0006718904478,1
0.02605069801,0.01678822748,-0.1732218117,-0.005489591043,1
0.02605069801,0.01864072122,-0.1744371653,-0.01132701244,1
0.02605069801,0.02049321495,-0.1789125055,-0.01786869206,1
0.02605069801,0.02234570868,-0.1832235456,-0.02448658645,1
0.02605069801,0.02419820242,-0.1854081452,-0.02739013731,1
0.02605069801,0.02605069801,-0.186361745,-0.0279117059,1
0.02605069801,0.02790319175,-0.1899679005,-0.02493507788,1
0.02605069801,0.02975568548,-0.1966209263,-0.019173529,1
0.02605069801,0.03160817921,-0.2004918903,-0.01448693871,1
0.02605069801,0.03346067294,-0.1966581792,-0.01177770551,1
0.02605069801,0.03531316668,-0.1891114712,-0.01240015961,1
0.02605069801,0.03716566041,-0.1840100735,-0.01490538754,1
0.02605069801,0.03901815414,-0.1832220703,-0.0169528611,1
0.02605069801,0.04087064788,-0.1800556332,-0.01802407391,1
0.02605069801,0.04272314161,-0.1771526188,-0.01806883886,1
0.02605069801,0.04457563907,-0.1741623729,-0.01581587829,1
0.02605069801,0.0464281328,-0.1588404477,-0.01002966333,1
0.02605069801,0.04828062654,-0.1233565956,-0.004111088812,1
0.02605069801,0.05013312027,-0.08960616589,-0.001912241569,2
0.02605069801,0.051985614,NaN,NaN,0
0.02605069801,0.05383810773,NaN,NaN,0
0.02790319175,0.001968274824,NaN,NaN,0
0.02790319175,0.003820769023,-0.2041635066,6.802948337e-05,1
0.02790319175,0.005673262756,-0.2012331337,0.001729556127,1
0.02790319175,0.007525756955,-0.1978459954,0.003157158149,1
0.02790319175,0.009378250688,-0.1937250644,0.005544778425,1
0.02790319175,0.01123074535,-0.1895886213,0.008116999641,1
0.02790319175,0.01308323909,-0.183330968,0.008159725927,1
0.02790319175,0.01493573282,-0.175531432,0.005064289086,1
0.02790319175,0.01678822748,-0.169811219,0.0007741933805,1
0.02790319175,0.01864072122,-0.1688210815,-0.004907054361,1
0.02790319175,0.02049321495,-0.1714394838,-0.01299469545,1
0.02790319175,0.02234570868,-0.1781438887,-0.0233602114,1
0.02790319175,0.02419820242,-0.1842367053,-0.02843071148,1
0.02790319175,0.02605069801,-0.1898190826,-0.02531847544,1
0.02790319175,0.02790319175,-0.196301043,-0.0172186587,1
0.02790319175,0.02975568548,-0.2024669796,-0.01079472713,1
0.02790319175,0.03160817921,-0.2025357485,-0.007679373492,1
0.02790319175,0.03346067294,-0.1936176866,-0.007743483409,1
0.02790319175,0.03531316668,-0.1832153797,-0.009200284258,1
0.02790319175,0.03716566041,-0.177464202,-0.009579790756,1
0.02790319175,0.03901815414,-0.179287225,-0.01069806796,1
0.02790319175,0.04087064788,-0.1791636497,-0.01272684429,1
0.02790319175,0.04272314161,-0.177623868,-0.0140258316,1
0.02790319175,0.04457563907,-0.1755742282,-0.01358845178,1
0.02790319175,0.0464281328,-0.1637618095,-0.009092614055,1
0.02790319175,0.04828062654,-0.1447566152,-0.003964748699,1
0.02790319175,0.05013312027,-0.1337393075,-0.002266706899,1
0.02790319175,0.051985614,NaN,NaN,0
0.02790319175,0.05383810773,NaN,NaN,0
0.02975568548,0.001968274824,NaN,NaN,0
0.02975568548,0.003820769023,-0.2067765594,-0.0001389107347,1
0.02975568548,0.005673262756,-0.2024537325,0.0005892107729,1
0.02975568548,0.007525756955,-0.1976197213,0.001069318736,1
0.02975568548,0.009378250688,-0.1923350394,0.002546754666,1
0.02975568548,0.01123074535,-0.1872643679,0.004736705218,1
0.02975568548,0.01308323909,-0.1813177168,0.006228792481,1
0.02975568548,0.01493573282,-0.1736421585,0.004712324124,1
0.02975568548,0.01678822748,-0.1683532,0.001096308697,1
0.02975568548,0.01864072122,-0.164046675,-0.001843025559,1
0.02975568548,0.02049321495,-0.1630668044,-0.005686756223,1
0.02975568548,0.02234570868,-0.1704362482,-0.01245083474,1
0.02975568548,0.02419820242,-0.1794972718,-0.017334098,1
0.02975568548,0.02605069801,-0.1914275289,-0.01496812701,1
0.02975568548,0.02790319175,-0.2015298605,-0.008819657378,1
0.02975568548,0.02975568548,-0.2044873685,-0.005419774447,1
0.02975568548,0.03160817921,-0.201032728,-0.005472383928,1
0.02975568548,0.03346067294,-0.1904173642,-0.00798984617,1
0.02975568548,0.03531316668,-0.1797864735,-0.009181444533,1
0.02975568548,0.03716566041,-0.1722235531,-0.007611927576,1
0.02975568548,0.03901815414,-0.1712147295,-0.007284132764,1
0.02975568548,0.04087064788,-0.1743808985,-0.007932552136,1
0.02975568548,0.04272314161,-0.1766089797,-0.008774808608,1
0.02975568548,0.04457563907,-0.1762526929,-0.01001939736,1
0.02975568548,0.0464281328,-0.1656998247,-0.008090887219,1
0.02975568548,0.04828062654,-0.1497362554,-0.004643002991,1
0.02975568548,0.05013312027,-0.1397800446,-0.003226835048,2
0.02975568548,0.051985614,NaN,NaN,0
0.02975568548,0.05383810773,NaN,NaN,0
0.03160817921,0.001968274824,NaN,NaN,0
0.03160817921,0.003820769023,-0.2073191553,-0.0043703923,1
0.03160817921,0.005673262756,-0.201940462,-0.005109136924,1
0.03160817921,0.007525756955,-0.1954999864,-0.005078077316,1
0.03160817921,0.009378250688,-0.1896390766,-0.003665301716,1
0.03160817921,0.01123074535,-0.1837276965,-0.001775755663,1
0.03160817921,0.01308323909,-0.1780406237,5.562154183e-05,1
0.03160817921,0.01493573282,-0.1711031497,4.705674291e-05,1
0.03160817921,0.01678822748,-0.1651291996,-0.002497925423,1
0.03160817921,0.01864072122,-0.1620254964,-0.001727788011,1
0.03160817921,0.02049321495,-0.1634218246,0.003068985185,1
0.03160817921,0.02234570868,-0.1704773158,0.006092304364,1
0.03160817921,0.02419820242,-0.1799795479,0.004106507171,1
0.03160817921,0.02605069801,-0.1936065406,0.002378006233,1
0.03160817921,0.02790319175,-0.202804476,-0.000903047272,1
0.03160817921,0.02975568548,-0.2033916116,-0.002893753583,1
0.03160817921,0.03160817921,-0.1981058121,-0.005460473709,1
0.03160817921,0.03346067294,-0.1882614642,-0.009850387461,1
0.03160817921,0.03531316668,-0.1789271832,-0.01163151208,1
0.03160817921,0.03716566041,-0.1714957356,-0.01026919577,1
0.03160817921,0.03901815414,-0.1689809263,-0.009610213339,1
0.03160817921,0.04087064788,-0.1718820333,-0.008130840957,1
0.03160817921,0.04272314161,-0.1752156317,-0.007415004075,1
0.03160817921,0.04457563907,-0.1750182509,-0.007983172312,1
0.03160817921,0.0464281328,-0.1644325405,-0.006554006133,1
0.03160817921,0.04828062654,-0.1483626217,-0.004465829115,1
0.03160817921,0.05013312027,-0.1380354911,-0.003663855372,2
0.03160817921,0.051985614,NaN,NaN,0
0.03160817921,0.05383810773,NaN,NaN,0
0.03346067294,0.001968274824,NaN,NaN,0
0.03346067294,0.003820769023,-0.2066535354,-0.008014272898,1
0.03346067294,0.005673262756,-0.2017257959,-0.009773640893,1
0.03346067294,0.007525756955,-0.194528386,-0.01016400289,1
0.03346067294,0.009378250688,-0.1876719147,-0.009350313805,1
0.03346067294,0.01123074535,-0.1811454147,-0.007728804369,1
0.03346067294,0.01308323909,-0.1758278757,-0.006309879012,1
0.03346067294,0.01493573282,-0.1689910144,-0.005778672174,1
0.03346067294,0.01678822748,-0.1598314345,-0.007390357088,1
0.03346067294,0.01864072122,-0.1600137055,-0.00366359367,1
0.03346067294,0.02049321495,-0.1681404114,0.008121584542,1
0.03346067294,0.02234570868,-0.1764558703,0.01598778926,1
0.03346067294,0.02419820242,-0.1841131002,0.01471693348,1
0.03346067294,0.02605069801,-0.1936207265,0.009910837747,1
0.03346067294,0.02790319175,-0.2005923688,0.0009787749732,1
0.03346067294,0.02975568548,-0.2006860375,-0.003539288417,1
0.03346067294,0.03160817921,-0.1953842491,-0.006981727201,1
0.03346067294,0.03346067294,-0.1866163015,-0.01201317646,1
0.03346067294,0.03531316668,-0.1788175404,-0.01484328415,1
0.03346067294,0.03716566041,-0.1737722456,-0.01583001576,1
0.03346067294,0.03901815414,-0.1712792963,-0.01593603939,1
0.03346067294,0.04087064788,-0.1725651771,-0.01226362586,1
0.03346067294,0.04272314161,-0.1749928743,-0.00932572037,1
0.03346067294,0.04457563907,-0.1746252775,-0.00846147351,1
0.03346067294,0.0464281328,-0.1675313264,-0.007209348027,1
0.03346067294,0.04828062654,-0.1542218029,-0.005102717318,1
0.03346067294,0.05013312027,-0.1390110403,-0.004082663916,2
0.03346067294,0.051985614,NaN,NaN,0
0.03346067294,0.05383810773,NaN,NaN,0
0.03531316668,0.001968274824,NaN,NaN,0
0.03531316668,0.003820769023,-0.206254676,-0.007946072146,1
0.03531316668,0.005673262756,-0.2034663558,-0.01059466787,1
0.03531316668,0.007525756955,-0.1956966072,-0.0118714869,1
0.03531316668,0.009378250688,-0.1866891831,-0.01179449446,1
0.03531316668,0.01123074535,-0.180120185,-0.01002854109,1
0.03531316668,0.01308323909,-0.1753752679,-0.00791639369,1
0.03531316668,0.01493573282,-0.1691246033,-0.00629133964,1
0.03531316668,0.01678822748,-0.1614351124,-0.006369494833,1
0.03531316668,0.01864072122,-0.1643043756,-0.002303354908,1
0.03531316668,0.02049321495,-0.1762902141,0.009645307437,1
0.03531316668,0.02234570868,-0.1845630407,0.01597619057,1
0.03531316668,0.02419820242,-0.1869364381,0.01150885224,1
0.03531316668,0.02605069801,-0.191253081,0.003890516935,1
0.03531316668,0.02790319175,-0.1953810304,-0.003126074793,1
0.03531316668,0.02975568548,-0.194823876,-0.007528856397,1
0.03531316668,0.03160817921,-0.1901044697,-0.01226664893,1
0.03531316668,0.03346067294,-0.182449773,-0.01741906814,1
0.03531316668,0.03531316668,-0.1775907427,-0.01842641085,1
0.03531316668,0.03716566041,-0.1770186275,-0.01712152734,1
0.03531316668,0.03901815414,-0.1762804091,-0.01516228355,1
0.03531316668,0.04087064788,-0.1762853712,-0.0116523765,1
0.03531316668,0.04272314161,-0.1767500639,-0.008934671059,1
0.03531316668,0.04457563907,-0.1753041148,-0.008870633319,1
0.03531316668,0.0464281328,-0.1713143885,-0.008809039369,1
0.03531316668,0.04828062654,-0.1613599658,-0.005761925131,1
0.03531316668,0.05013312027,-0.1376934201,-0.004222822376,2
0.03531316668,0.051985614,NaN,NaN,0
0.03531316668,0.05383810773,NaN,NaN,0
0.03716566041,0.001968274824,NaN,NaN,0
0.03716566041,0.003820769023,-0.2057434618,-0.005478911567,1
0.03716566041,0.005673262756,-0.205280304,-0.01039268449,1
0.03716566041,0.007525756955,-0.1983614117,-0.01251933165,1
0.03716566041,0.009378250688,-0.1877954453,-0.01127743628,1
0.03716566041,0.01123074535,-0.1813744903,-0.00902155973,1
0.03716566041,0.01308323909,-0.176663205,-0.005385182332,1
0.03716566041,0.01493573282,-0.1714481711,-0.002315975493,1
0.03716566041,0.01678822748,-0.1674765199,-0.0006295996136,1
0.03716566041,0.01864072122,-0.1714511663,0.001627937076,1
0.03716566041,0.02049321495,-0.1828562617,0.007508977316,1
0.03716566041,0.02234570868,-0.1890055686,0.009811908007,1
0.03716566041,0.02419820242,-0.1883084476,0.005458818283,1
0.03716566041,0.02605069801,-0.1884703785,-0.0006249641301,1
0.03716566041,0.02790319175,-0.1890572906,-0.005849040113,1
0.03716566041,0.02975568548,-0.1861678511,-0.01157073863,1
0.03716566041,0.03160817921,-0.181925714,-0.01943448558,1
0.03716566041,0.03346067294,-0.1782670021,-0.02330308594,1
0.03716566041,0.03531316668,-0.1781372428,-0.02050672285,1
0.03716566041,0.03716566041,-0.1826426834,-0.01371876057,1
0.03716566041,0.03901815414,-0.182495445,-0.009910651483,1
0.03716566041,0.04087064788,-0.1807162911,-0.007454358507,1
0.03716566041,0.04272314161,-0.1790691167,-0.005714211613,1
0.03716566041,0.04457563907,-0.17560862,-0.007338328753,1
0.03716566041,0.0464281328,-0.1699367762,-0.009358420037,1
0.03716566041,0.04828062654,-0.1564354748,-0.005859680474,1
0.03716566041,0.05013312027,-0.1237396374,-0.003964813426,2
0.03716566041,0.051985614,NaN,NaN,0
0.03716566041,0.05383810773,NaN,NaN,0
0.03901815414,0.001968274824,NaN,NaN,0
0.03901815414,0.003820769023,-0.2055950612,-0.002721626079,1
0.03901815414,0.005673262756,-0.2049957812,-0.00771567272,1
0.03901815414,0.007525756955,-0.200119555,-0.009889839217,1
0.03901815414,0.009378250688,-0.1919098943,-0.009309304878,1
0.03901815414,0.01123074535,-0.1851685941,-0.007854793221,1
0.03901815414,0.01308323909,-0.1800949126,-0.004657276906,1
0.03901815414,0.01493573282,-0.1759342551,-0.001241602236,1
0.03901815414,0.01678822748,-0.1751519442,0.001900792238,1
0.03901815414,0.01864072122,-0.1788595468,0.002693992341,1
0.03901815414,0.02049321495,-0.1858805418,0.001406387193,1
0.03901815414,0.02234570868,-0.1906330138,0.0001236256503,1
0.03901815414,0.02419820242,-0.1897098124,-0.00106221647,1
0.03901815414,0.02605069801,-0.1855208427,-0.00386540615,1
0.03901815414,0.02790319175,-0.1816632748,-0.006944921799,1
0.03901815414,0.02975568548,-0.1781135052,-0.01247677114,1
0.03901815414,0.03160817921,-0.1784894168,-0.01978937909,1
0.03901815414,0.03346067294,-0.1828095764,-0.02020338364,1
0.03901815414,0.03531316668,-0.1868861914,-0.01562449895,1
0.03901815414,0.03716566041,-0.1905381233,-0.009523727,1
0.03901815414,0.03901815414,-0.1866104156,-0.007924225181,1
0.03901815414,0.04087064788,-0.1806752086,-0.007882668637,1
0.03901815414,0.04272314161,-0.1769740731,-0.005943605676,1
0.03901815414,0.04457563907,-0.1726794839,-0.005921836942,1
0.03901815414,0.0464281328,-0.1649239808,-0.009391141124,1
0.03901815414,0.04828062654,-0.1448963135,-0.006923493929,1
0.03901815414,0.05013312027,-0.09367796779,-0.003764962079,2
0.03901815414,0.051985614,NaN,NaN,0
0.03901815414,0.05383810773,NaN,NaN,0
0.04087064788,0.001968274824,NaN,NaN,0
0.04087064788,0.003820769023,-0.2047396302,-0.0004428532557,1
0.04087064788,0.005673262756,-0.2039848864,-0.002834519139,1
0.04087064788,0.007525756955,-0.2005180717,-0.004260632675,1
0.04087064788,0.009378250688,-0.1944042444,-0.006162577774,1
0.04087064788,0.01123074535,-0.1873583347,-0.00676033739,1
0.04087064788,0.01308323909,-0.1807491332,-0.006183898542,1
0.04087064788,0.01493573282,-0.1773590744,-0.004698178265,1
0.04087064788,0.01678822748,-0.1772367805,-0.002090483904,1
0.04087064788,0.01864072122,-0.1785821468,-0.002238498768,1
0.04087064788,0.02049321495,-0.1837640107,-0.005295423325,1
0.04087064788,0.02234570868,-0.1892412007,-0.007910896093,1
0.04087064788,0.02419820242,-0.1890437305,-0.008192040026,1
0.04087064788,0.02605069801,-0.1831226945,-0.008147418499,1
0.04087064788,0.02790319175,-0.1773066223,-0.00759969186,1
0.04087064788,0.02975568548,-0.1759347767,-0.009340123273,1
0.04087064788,0.03160817921,-0.1819907427,-0.01188954525,1
0.04087064788,0.03346067294,-0.1923628747,-0.01105569303,1
0.04087064788,0.03531316668,-0.1979844868,-0.008943207562,1
0.04087064788,0.03716566041,-0.1965486556,-0.006544119213,1
0.04087064788,0.03901815414,-0.1881833375,-0.007342989091,1
0.04087064788,0.04087064788,-0.1786378026,-0.009411098436,1
0.04087064788,0.04272314161,-0.1722205877,-0.008142808452,1
0.04087064788,0.04457563907,-0.1650617123,-0.005213368218,1
0.04087064788,0.0464281328,-0.1530140191,-0.006948090158,1
0.04087064788,0.04828062654,-0.1149814501,-0.005144191906,1
0.04087064788,0.05013312027,-0.04386041686,-0.001878724666,1
0.04087064788,0.051985614,NaN,NaN,0
0.04087064788,0.05383810773,NaN,NaN,0
0.04272314161,0.001968274824,NaN,NaN,0
0.04272314161,0.003820769023,-0.2018997818,0.002961939201,1
0.04272314161,0.005673262756,-0.2009211332,0.002716159681,1
0.04272314161,0.007525756955,-0.1980110854,0.001754566911,1
0.04272314161,0.009378250688,-0.1934105158,-0.002152116736,1
0.04272314161,0.01123074535,-0.1868381798,-0.004429541528,1
0.04272314161,0.01308323909,-0.1788555086,-0.006058798637,1
0.04272314161,0.01493573282,-0.1738952994,-0.007088131737,1
0.04272314161,0.01678822748,-0.1710860729,-0.007815245539,1
0.04272314161,0.01864072122,-0.1711482853,-0.00985654816,1
0.04272314161,0.02049321495,-0.1772876531,-0.01196351182,1
0.04272314161,0.02234570868,-0.1850881726,-0.0139012849,1
0.04272314161,0.02419820242,-0.1871594042,-0.01301433612,1
0.04272314161,0.02605069801,-0.1842790693,-0.01079246588,1
0.04272314161,0.02790319175,-0.1811530441,-0.007061417215,1
0.04272314161,0.02975568548,-0.1817431301,-0.004900411237,1
0.04272314161,0.03160817921,-0.187438637,-0.005057100207,1
0.04272314161,0.03346067294,-0.1952205151,-0.005299411248,1
0.04272314161,0.03531316668,-0.1991887838,-0.004734545015,1
0.04272314161,0.03716566041,-0.1963222772,-0.003736558836,1
0.04272314161,0.03901815414,-0.1881412566,-0.004639866762,1
0.04272314161,0.04087064788,-0.1786805242,-0.007244924549,1
0.04272314161,0.04272314161,-0.1703928858,-0.007427458651,1
0.04272314161,0.04457563907,-0.1578909308,-0.003179918276,1
0.04272314161,0.0464281328,-0.1306159496,-0.0006755703362,1
0.04272314161,0.04828062654,-0.05254043639,-0.001200887142,1
0.04272314161,0.05013312027,-0.01510921773,1.298659208e-05,1
0.04272314161,0.051985614,NaN,NaN,0
0.04272314161,0.05383810773,NaN,NaN,0
0.04457563907,0.001968274824,NaN,NaN,0
0.04457563907,0.003820769023,-0.20033966,0.004676194862,1
0.04457563907,0.005673262756,-0.1984058917,0.006597136147,1
0.04457563907,0.007525756955,-0.1954765469,0.006608231924,1
0.04457563907,0.009378250688,-0.191504553,0.002796817571,1
0.04457563907,0.01123074535,-0.1858984381,0.0002129690547,1
0.04457563907,0.01308323909,-0.1774032861,-0.002408918925,1
0.04457563907,0.01493573282,-0.1696692556,-0.0054072286,1
0.04457563907,0.01678822748,-0.1638830304,-0.008832507767,1
0.04457563907,0.01864072122,-0.1641071141,-0.01267353445,1
0.04457563907,0.02049321495,-0.172168985,-0.01521593519,1
0.04457563907,0.02234570868,-0.1830916852,-0.01734752022,1
0.04457563907,0.02419820242,-0.187890783,-0.0152091356,1
0.04457563907,0.02605069801,-0.1872097552,-0.01149546262,1
0.04457563907,0.02790319175,-0.1869053841,-0.007463541348,1
0.04457563907,0.02975568548,-0.1870124489,-0.004938221071,1
0.04457563907,0.03160817921,-0.187401548,-0.005231781863,1
0.04457563907,0.03346067294,-0.189478904,-0.004759523552,1
0.04457563907,0.03531316668,-0.1916995049,-0.002560155699,1
0.04457563907,0.03716566041,-0.1909913868,-0.0009539076709,1
0.04457563907,0.03901815414,-0.1863230914,-0.001495450386,1
0.04457563907,0.04087064788,-0.1791890115,-0.002902533626,1
0.04457563907,0.04272314161,-0.1708560735,-0.002959234407,1
0.04457563907,0.04457563907,-0.1580797136,-0.001012868015,1
0.04457563907,0.0464281328,-0.1255392581,0.0009793041972,1
0.04457563907,0.04828062654,-0.03112025186,0.0006181584322,1
0.04457563907,0.05013312027,-0.006263807882,0.0006197118782,1
0.04457563907,0.051985614,NaN,NaN,0
0.04457563907,0.05383810773,NaN,NaN,0
0.0464281328,0.001968274824,NaN,NaN,0
0.0464281328,0.003820769023,-0.2010939568,0.003332478693,1
0.0464281328,0.005673262756,-0.1979025453,0.005964426789,1
0.0464281328,0.007525756955,-0.1937382221,0.007670829073,1
0.0464281328,0.009378250688,-0.1900244951,0.007286644075,1
0.0464281328,0.01123074535,-0.1850288957,0.00619856175,1
0.0464281328,0.01308323909,-0.1754383892,0.003134330502,1
0.0464281328,0.01493573282,-0.165491268,-0.001254352275,1
0.0464281328,0.01678822748,-0.1578426957,-0.006830628961,1
0.0464281328,0.01864072122,-0.1584340781,-0.01334781945,1
0.0464281328,0.02049321495,-0.1697036624,-0.01772385836,1
0.0464281328,0.02234570868,-0.1849532872,-0.0209175963,1
0.0464281328,0.02419820242,-0.1895173937,-0.01955636032,1
0.0464281328,0.02605069801,-0.185629487,-0.01559232268,1
0.0464281328,0.02790319175,-0.184349969,-0.01136729028,1
0.0464281328,0.02975568548,-0.1844741255,-0.008357881568,1
0.0464281328,0.03160817921,-0.1822284311,-0.007176661398,1
0.0464281328,0.03346067294,-0.1824453026,-0.004991829861,1
0.0464281328,0.03531316668,-0.1850265115,-0.002067457186,1
0.0464281328,0.03716566041,-0.1872101873,-0.0002837073116,1
0.0464281328,0.03901815414,-0.1850250661,0.0001456429018,1
0.0464281328,0.04087064788,-0.1774733961,0.001284225727,1
0.0464281328,0.04272314161,-0.1694842726,0.002782503609,1
0.0464281328,0.04457563907,-0.1582391262,0.003266209271,1
0.0464281328,0.0464281328,-0.124756828,0.002873996971,1
0.0464281328,0.04828062654,-0.02538545243,0.001117311651,1
0.0464281328,0.05013312027,-0.004534076434,0.0004658302059,2
0.0464281328,0.051985614,NaN,NaN,0
0.0464281328,0.05383810773,NaN,NaN,0
0.04828062654,0.001968274824,NaN,NaN,0
0.04828062654,0.003820769023,-0.2021066546,-0.002052607248,1
0.04828062654,0.005673262756,-0.199335739,0.0003443889436,1
0.04828062654,0.007525756955,-0.1952944398,0.003812855575,1
0.04828062654,0.009378250688,-0.1897074729,0.008571427315,1
0.04828062654,0.01123074535,-0.1829678267,0.01075728144,1
0.04828062654,0.01308323909,-0.1725229919,0.007641522679,1
0.04828062654,0.01493573282,-0.1612298042,0.001883003628,1
0.04828062654,0.01678822748,-0.153252542,-0.005692769308,1
0.04828062654,0.01864072122,-0.1538699269,-0.01397614367,1
0.04828062654,0.02049321495,-0.1673842072,-0.0201575961,1
0.04828062654,0.02234570868,-0.1866025031,-0.02544202469,1
0.04828062654,0.02419820242,-0.1914490014,-0.0275597889,1
0.04828062654,0.02605069801,-0.1833772808,-0.02610467747,1
0.04828062654,0.02790319175,-0.1797169894,-0.02088185772,1
0.04828062654,0.02975568548,-0.1791788936,-0.01460380387,1
0.04828062654,0.03160817921,-0.175902456,-0.008263470605,1
0.04828062654,0.03346067294,-0.1774572283,-0.005574174691,1
0.04828062654,0.03531316668,-0.1814758033,-0.004414393101,1
0.04828062654,0.03716566041,-0.1832594126,-0.003727913368,1
0.04828062654,0.03901815414,-0.1807820946,-0.002125274856,1
0.04828062654,0.04087064788,-0.1728393883,0.001682701753,1
0.04828062654,0.04272314161,-0.1661417186,0.004430563189,1
0.04828062654,0.04457563907,-0.156661734,0.004687117413,1
0.04828062654,0.0464281328,-0.1242616475,0.003106839256,1
0.04828062654,0.04828062654,-0.02544645406,0.001203707303,1
0.04828062654,0.05013312027,-0.004376914818,0.0003040448064,2
0.04828062654,0.051985614,NaN,NaN,0
0.04828062654,0.05383810773,NaN,NaN,0
0.05013312027,0.001968274824,NaN,NaN,0
0.05013312027,0.003820769023,-0.2012023926,-0.01035398338,1
0.05013312027,0.005673262756,-0.201148048,-0.008960000239,1
0.05013312027,0.007525756955,-0.2001673728,-0.004019242711,1
0.05013312027,0.009378250688,-0.1937098503,0.004321477842,1
0.05013312027,0.01123074535,-0.1840962917,0.008975285105,1
0.05013312027,0.01308323909,-0.170031935,0.006440575235,1
0.05013312027,0.01493573282,-0.1558045596,0.0003904314362,1
0.05013312027,0.01678822748,-0.1492252648,-0.006484260317,1
0.05013312027,0.01864072122,-0.151940614,-0.0131388735,1
0.05013312027,0.02049321495,-0.1656476259,-0.01902966388,1
0.05013312027,0.02234570868,-0.1854117215,-0.02453805692,1
0.05013312027,0.02419820242,-0.1925843209,-0.02825532854,1
0.05013312027,0.02605069801,-0.1863343567,-0.02830724791,1
0.05013312027,0.02790319175,-0.1829609871,-0.0230112467,1
0.05013312027,0.02975568548,-0.1817031354,-0.01683300361,1
0.05013312027,0.03160817921,-0.1776344776,-0.01136372611,1
0.05013312027,0.03346067294,-0.1775861084,-0.01091113035,1
0.05013312027,0.03531316668,-0.1802674383,-0.01303562988,1
0.05013312027,0.03716566041,-0.1785617471,-0.01419486385,1
0.05013312027,0.03901815414,-0.1723672003,-0.01132472418,1
0.05013312027,0.04087064788,-0.165370062,-0.006582620554,1
0.05013312027,0.04272314161,-0.161358431,-0.002860005945,1
0.05013312027,0.04457563907,-0.1526453793,-0.0007741799927,1
0.05013312027,0.0464281328,-0.1198812649,-0.0005994492676,1
0.05013312027,0.04828062654,-0.02367104404,0.0001167397277,1
0.05013312027,0.05013312027,-0.003403597511,-0.0001136612773,2
0.05013312027,0.051985614,NaN,NaN,0
0.05013312027,0.05383810773,NaN,NaN,0
0.051985614,0.001968274824,NaN,NaN,0
0.051985614,0.003820769023,-0.1997569501,-0.01476469543,1
0.051985614,0.005673262756,-0.2022898644,-0.01492719632,1
0.051985614,0.007525756955,-0.2039292157,-0.01341947168,1
0.051985614,0.009378250688,-0.1973808706,-0.008475381881,1
0.051985614,0.01123074535,-0.1849746406,-0.003594218986,1
0.051985614,0.01308323909,-0.1672174186,-0.004224032629,1
0.051985614,0.01493573282,-0.1520661265,-0.007279437967,1
0.051985614,0.01678822748,-0.1476487219,-0.009688750841,1
0.051985614,0.01864072122,-0.1515391767,-0.01097622141,1
0.051985614,0.02049321495,-0.164897278,-0.01279007271,1
0.051985614,0.02234570868,-0.1834671199,-0.01482456271,1
0.051985614,0.02419820242,-0.1933411509,-0.01756190509,1
0.051985614,0.02605069801,-0.1932823956,-0.01836154982,1
0.051985614,0.02790319175,-0.1908955872,-0.01592263952,1
0.051985614,0.02975568548,-0.1885421276,-0.01575428434,1
0.051985614,0.03160817921,-0.1848709136,-0.01676606946,1
0.051985614,0.03346067294,-0.1785552055,-0.01994962618,1
0.051985614,0.03531316668,-0.1765709668,-0.02516075037,1
0.051985614,0.03716566041,-0.1737179756,-0.02707293071,1
0.051985614,0.03901815414,-0.166709587,-0.0230934266,1
0.051985614,0.04087064788,-0.1599279642,-0.0182178393,1
0.051985614,0.04272314161,-0.1560703367,-0.01359008625,1
0.051985614,0.04457563907,-0.1459445506,-0.009553533047,1
0.051985614,0.0464281328,-0.1099618524,-0.006133878138,1
0.051985614,0.04828062654,-0.02130167,-0.00180050882,1
0.051985614,0.05013312027,-0.002707584063,-0.0008798195631,2
0.051985614,0.051985614,NaN,NaN,0
0.051985614,0.05383810773,NaN,NaN,0
0.05383810773,0.001968274824,NaN,NaN,0
0.05383810773,0.003820769023,-0.2001886368,-0.01430064347,1
0.05383810773,0.005673262756,-0.2029319853,-0.0153971957,1
0.05383810773,0.007525756955,-0.203530848,-0.01947643794,1
0.05383810773,0.009378250688,-0.1961516142,-0.02262057737,1
0.05383810773,0.01123074535,-0.182910949,-0.02174663544,1
0.05383810773,0.01308323909,-0.166245997,-0.01922840253,1
0.05383810773,0.01493573282,-0.1547172666,-0.01677036285,1
0.05383810773,0.01678822748,-0.1529002786,-0.01170992944,1
0.05383810773,0.01864072122,-0.1556199193,-0.006039372645,1
0.05383810773,0.02049321495,-0.1658311486,-0.002127117245,1
0.05383810773,0.02234570868,-0.1836328804,-0.000888264738,1
0.05383810773,0.02419820242,-0.1945174783,-0.003629049519,1
0.05383810773,0.02605069801,-0.1961632818,-0.008094869554,1
0.05383810773,0.02790319175,-0.1950741559,-0.009802239016,1
0.05383810773,0.02975568548,-0.1944082826,-0.0133687621,1
0.05383810773,0.03160817921,-0.190691337,-0.01902169548,1
0.05383810773,0.03346067294,-0.1792968661,-0.02488766797,1
0.05383810773,0.03531316668,-0.1719960868,-0.03024550714,1
0.05383810773,0.03716566041,-0.1692585796,-0.03256609663,1
0.05383810773,0.03901815414,-0.1652462184,-0.02979409881,1
0.05383810773,0.04087064788,-0.1590686589,-0.02537204139,1
0.05383810773,0.04272314161,-0.1523268372,-0.01969186217,1
0.05383810773,0.04457563907,-0.1397107542,-0.01407462638,1
0.05383810773,0.0464281328,-0.1041363254,-0.008780433796,1
0.05383810773,0.04828062654,-0.02016777545,-0.003526864108,1
0.05383810773,0.05013312027,-0.002504723147,-0.001800966682,2
0.05383810773,0.051985614,NaN,NaN,0
0.05383810773,0.05383810773,NaN,NaN,0
0.05569060147,0.001968274824,NaN,NaN,0
0.05569060147,0.003820769023,-0.2010961175,-0.013032455,1
0.05569060147,0.005673262756,-0.2025970966,-0.01415987965,1
0.05569060147,0.007525756955,-0.2006774396,-0.02052480727,1
0.05569060147,0.009378250688,-0.1928517371,-0.02755627036,1
0.05569060147,0.01123074535,-0.1828389019,-0.0299042929,1
0.05569060147,0.01308323909,-0.1715382487,-0.02653317153,1
0.05569060147,0.01493573282,-0.1630814821,-0.01975642145,1
0.05569060147,0.01678822748,-0.1610290855,-0.009590703994,1
0.05569060147,0.01864072122,-0.1603018194,-0.001136273611,1
0.05569060147,0.02049321495,-0.166065231,0.004321936984,1
0.05569060147,0.02234570868,-0.1811581105,0.005562225357,1
0.05569060147,0.02419820242,-0.1921453476,0.001052290318,1
0.05569060147,0.02605069801,-0.1943300515,-0.004320494831,1
0.05569060147,0.02790319175,-0.1958498359,-0.00661768904,1
0.05569060147,0.02975568548,-0.1992406845,-0.006557471585,1
0.05569060147,0.03160817921,-0.1950747818,-0.01231053565,1
0.05569060147,0.03346067294,-0.180780828,-0.0211319644,1
0.05569060147,0.03531316668,-0.170160383,-0.02827080339,1
0.05569060147,0.03716566041,-0.1671977043,-0.03180233017,1
0.05569060147,0.03901815414,-0.1652916521,-0.03010153212,1
0.05569060147,0.04087064788,-0.1599600315,-0.0257939361,1
0.05569060147,0.04272314161,-0.1520986706,-0.01980574615,1
0.05569060147,0.04457563907,-0.1404320002,-0.01258027367,1
0.05569060147,0.0464281328,-0.1093543544,-0.006801397074,1
0.05569060147,0.04828062654,-0.02448751777,-0.003403097857,1
0.05569060147,0.05013312027,-0.003784378059,-0.00200821599,2
0.05569060147,0.051985614,NaN,NaN,0
0.05569060147,0.05383810773,NaN,NaN,0
0.0575430952,0.001968274824,NaN,NaN,0
0.0575430952,0.003820769023,-0.2017957568,-0.01249751542,1
0.0575430952,0.005673262756,-0.2021688521,-0.01267529,1
0.0575430952,0.007525756955,-0.1988434643,-0.01781654358,1
0.0575430952,0.009378250688,-0.1921804249,-0.0248661451,1
0.0575430952,0.01123074535,-0.1862550229,-0.02726936713,1
0.0575430952,0.01308323909,-0.180624485,-0.02291190065,1
0.0575430952,0.01493573282,-0.1744455099,-0.01408821158,1
0.0575430952,0.01678822748,-0.1697505563,-0.003671411658,1
0.0575430952,0.01864072122,-0.1649511158,0.00373093714,1
0.0575430952,0.02049321495,-0.1666962355,0.007567345165,1
0.0575430952,0.02234570868,-0.1777441055,0.006962729618,1
0.0575430952,0.02419820242,-0.188384518,0.001763422973,1
0.0575430952,0.02605069801,-0.1926579326,-0.002799045062,1
0.0575430952,0.02790319175,-0.1959325224,-0.003327244893,1
0.0575430952,0.02975568548,-0.2003594935,-0.000845022907,1
0.0575430952,0.03160817921,-0.1963819116,-0.005434080493,1
0.0575430952,0.03346067294,-0.1819539517,-0.01462038048,1
0.0575430952,0.03531316668,-0.1706248075,-0.02220664546,1
0.0575430952,0.03716566041,-0.1678295434,-0.02710351348,1
0.0575430952,0.03901815414,-0.1673742831,-0.02676863037,1
0.0575430952,0.04087064788,-0.1636400819,-0.02314539813,1
0.0575430952,0.04272314161,-0.156566605,-0.01799418405,1
0.0575430952,0.04457563907,-0.1457951367,-0.01162417047,1
0.0575430952,0.0464281328,-0.1138002947,-0.006123357452,1
0.0575430952,0.04828062654,-0.02783278748,-0.002513385843,1
0.0575430952,0.05013312027,-0.003610802116,-0.001399236848,1
0.0575430952,0.051985614,NaN,NaN,0
0.0575430952,0.05383810773,NaN,NaN,0
0.05939558893,0.001968274824,NaN,NaN,0
0.05939558893,0.003820769023,-0.2006273419,-0.01095882803,1
0.05939558893,0.005673262756,-0.200826481,-0.01058191992,1
0.05939558893,0.007525756955,-0.197601065,-0.01420511398,1
0.05939558893,0.009378250688,-0.1926258057,-0.01946849376,1
0.05939558893,0.01123074535,-0.1903640628,-0.02026564628,1
0.05939558893,0.01308323909,-0.1899250001,-0.01517818961,1
0.05939558893,0.01493573282,-0.1866970509,-0.006147475448,1
0.05939558893,0.01678822748,-0.179164052,0.002844054485,1
0.05939558893,0.01864072122,-0.170360744,0.008771571331,1
0.05939558893,0.02049321495,-0.167489484,0.01055378374,1
0.05939558893,0.02234570868,-0.1738307178,0.007884061895,1
0.05939558893,0.02419820242,-0.1845618337,0.002404176863,1
0.05939558893,0.02605069801,-0.1909691393,-0.001245840103,1
0.05939558893,0.02790319175,-0.1943141073,-0.0008515199297,1
0.05939558893,0.02975568548,-0.1961253434,0.0004038980114,1
0.05939558893,0.03160817921,-0.1919177324,-0.00452548312,1
0.05939558893,0.03346067294,-0.1812965125,-0.0127793029,1
0.05939558893,0.03531316668,-0.1718371361,-0.01845334657,1
0.05939558893,0.03716566041,-0.1697664708,-0.0218985416,1
0.05939558893,0.03901815414,-0.1711201519,-0.02077559941,1
0.05939558893,0.04087064788,-0.1716389954,-0.01752570085,1
0.05939558893,0.04272314161,-0.1672689766,-0.01421153266,1
0.05939558893,0.04457563907,-0.1542066187,-0.01054298598,1
0.05939558893,0.0464281328,-0.1154516414,-0.006598757114,1
0.05939558893,0.04828062654,-0.03855935484,-0.002181675751,1
0.05939558893,0.05013312027,-0.003608040977,-0.0007756996201,1
0.05939558893,0.051985614,NaN,NaN,0
0.05939558893,0.05383810773,NaN,NaN,0
0.06124808267,0.001968274824,NaN,NaN,0
0.06124808267,0.003820769023,-0.198698014,-0.008703460917,1
0.06124808267,0.005673262756,-0.1988741159,-0.008466595784,1
0.06124808267,0.007525756955,-0.1971402466,-0.01094755437,1
0.06124808267,0.009378250688,-0.1946412176,-0.01319524832,1
0.06124808267,0.01123074535,-0.195806846,-0.01207821257,1
0.06124808267,0.01308323909,-0.1979090273,-0.007275233977,1
0.06124808267,0.01493573282,-0.1952277422,0.0003800193954,1
0.06124808267,0.01678822748,-0.1854171008,0.007281627506,1
0.06124808267,0.01864072122,-0.1737665236,0.01170389634,1
0.06124808267,0.02049321495,-0.1678844839,0.01254177187,1
0.06124808267,0.02234570868,-0.1702031791,0.009086973034,1
0.06124808267,0.02419820242,-0.1793149859,0.003131647594,1
0.06124808267,0.02605069801,-0.187713936,-0.001341698458,1
0.06124808267,0.02790319175,-0.1903074533,-0.003315281821,1
0.06124808267,0.02975568548,-0.1886117756,-0.005344682839,1
0.06124808267,0.03160817921,-0.1840912104,-0.01088481676,1
0.06124808267,0.03346067294,-0.1779919416,-0.01758965664,1
0.06124808267,0.03531316668,-0.1733870655,-0.02221585996,1
0.06124808267,0.03716566041,-0.1729390025,-0.02246040665,1
0.06124808267,0.03901815414,-0.1750590652,-0.01764216274,1
0.06124808267,0.04087064788,-0.1782892346,-0.01198432408,1
0.06124808267,0.04272314161,-0.17604734,-0.008615210652,1
0.06124808267,0.04457563907,-0.1621792614,-0.006702470593,1
0.06124808267,0.0464281328,-0.1227827296,-0.005205756053,1
0.06124808267,0.04828062654,-0.07060675323,-0.00300086895,1
0.06124808267,0.05013312027,-0.004516730551,-0.001806697808,1
0.06124808267,0.051985614,NaN,NaN,0
0.06124808267,0.05383810773,NaN,NaN,0
0.0631005764,0.001968274824,NaN,NaN,0
0.0631005764,0.003820769023,-0.1991679668,-0.008084109984,1
0.0631005764,0.005673262756,-0.1992936134,-0.007540812716,1
0.0631005764,0.007525756955,-0.199209094,-0.008153104223,1
0.0631005764,0.009378250688,-0.1980368793,-0.007112923544,1
0.0631005764,0.01123074535,-0.2003901452,-0.004669276532,1
0.0631005764,0.01308323909,-0.2025616914,-0.0004633889475,1
0.0631005764,0.01493573282,-0.1985898614,0.005155229941,1
0.0631005764,0.01678822748,-0.1880500466,0.009438685142,1
0.0631005764,0.01864072122,-0.1757836789,0.01238240488,1
0.0631005764,0.02049321495,-0.1691129208,0.01304745488,1
0.0631005764,0.02234570868,-0.1693923622,0.01028790511,1
0.0631005764,0.02419820242,-0.1756111085,0.004450772423,1
0.0631005764,0.02605069801,-0.1836490184,-0.002530344063,1
0.0631005764,0.02790319175,-0.1846830994,-0.008995311335,1
0.0631005764,0.02975568548,-0.1819925457,-0.01441979501,1
0.0631005764,0.03160817921,-0.1780765206,-0.01950748265,1
0.0631005764,0.03346067294,-0.1735326797,-0.02390772477,1
0.0631005764,0.03531316668,-0.1720508933,-0.02759861201,1
0.0631005764,0.03716566041,-0.1740887761,-0.02722115256,1
0.0631005764,0.03901815414,-0.1773331016,-0.02173861861,1
0.0631005764,0.04087064788,-0.1809374392,-0.01330302004,1
0.0631005764,0.04272314161,-0.1785119176,-0.007446820848,1
0.0631005764,0.04457563907,-0.1646485776,-0.005224654917,1
0.0631005764,0.0464281328,-0.1325532347,-0.004934754688,1
0.0631005764,0.04828062654,-0.08481291682,-0.003492077347,1
0.0631005764,0.05013312027,-0.005561957601,-0.00206111325,1
0.0631005764,0.051985614,NaN,NaN,0
0.0631005764,0.05383810773,NaN,NaN,0
0.06495307386,0.001968274824,NaN,NaN,0
0.06495307386,0.003820769023,-0.1998846978,-0.007493352983,1
0.06495307386,0.005673262756,-0.2009584457,-0.006304958835,1
0.06495307386,0.007525756955,-0.2012942731,-0.005578663666,1
0.06495307386,0.009378250688,-0.2005135417,-0.0034315628,1
0.06495307386,0.01123074535,-0.2026755959,-0.0008332602447,1
0.06495307386,0.01308323909,-0.2048856914,0.002052866621,1
0.06495307386,0.01493573282,-0.2003268152,0.004198376555,1
0.06495307386,0.01678822748,-0.1901971102,0.005469715688,1
0.06495307386,0.01864072122,-0.1787762046,0.0076379003,1
0.06495307386,0.02049321495,-0.1713132411,0.008938047104,1
0.06495307386,0.02234570868,-0.169774726,0.007331751287,1
0.06495307386,0.02419820242,-0.1719005108,0.001418591244,1
0.06495307386,0.02605069801,-0.1767829061,-0.007721177768,1
0.06495307386,0.02790319175,-0.1793037206,-0.0163741149,1
0.06495307386,0.02975568548,-0.1815719754,-0.02085680142,1
0.06495307386,0.03160817921,-0.1798483133,-0.02315880917,1
0.06495307386,0.03346067294,-0.1726122946,-0.02661733702,1
0.06495307386,0.03531316668,-0.1703083217,-0.0308655072,1
0.06495307386,0.03716566041,-0.1732603759,-0.03211249784,1
0.06495307386,0.03901815414,-0.1768078506,-0.0277403295,1
0.06495307386,0.04087064788,-0.179161191,-0.01867918111,1
0.06495307386,0.04272314161,-0.1754752249,-0.01122321468,1
0.06495307386,0.04457563907,-0.1615574658,-0.007039133925,1
0.06495307386,0.0464281328,-0.13641195,-0.005649854429,1
0.06495307386,0.04828062654,-0.09715910256,-0.003662067931,1
0.06495307386,0.05013312027,-0.0141794337,-0.001914961147,1
0.06495307386,0.051985614,NaN,NaN,0
0.06495307386,0.05383810773,NaN,NaN,0
0.06680556387,0.001968274824,NaN,NaN,0
0.06680556387,0.003820769023,-0.1996579617,-0.006589892786,1
0.06680556387,0.005673262756,-0.2023566365,-0.005000340752,1
0.06680556387,0.007525756955,-0.2028045505,-0.004032415804,1
0.06680556387,0.009378250688,-0.2029028684,-0.003027675441,1
0.06680556387,0.01123074535,-0.2056793869,-0.001877067261,1
0.06680556387,0.01308323909,-0.2077312171,-0.0009442306473,1
0.06680556387,0.01493573282,-0.201360181,-0.002259572037,1
0.06680556387,0.01678822748,-0.1900876909,-0.003064417047,1
0.06680556387,0.01864072122,-0.1798619777,-0.0007414368447,1
0.06680556387,0.02049321495,-0.1720494926,0.000715558941,1
0.06680556387,0.02234570868,-0.1679682285,-0.0007211465272,1
0.06680556387,0.02419820242,-0.1671654284,-0.006405240856,1
0.06680556387,0.02605069801,-0.1714624017,-0.01512331795,1
0.06680556387,0.02790319175,-0.1792435199,-0.02070592344,1
0.06680556387,0.02975568548,-0.187473461,-0.02117729187,1
0.06680556387,0.03160817921,-0.1864899397,-0.02069986612,1
0.06680556387,0.03346067294,-0.1732374877,-0.02541849576,1
0.06680556387,0.03531316668,-0.1687197834,-0.03133710474,1
0.06680556387,0.03716566041,-0.1717204899,-0.03379949555,1
0.06680556387,0.03901815414,-0.1746960282,-0.03057589754,1
0.06680556387,0.04087064788,-0.1739944667,-0.0234287139,1
0.06680556387,0.04272314161,-0.1687689275,-0.01647091843,1
0.06680556387,0.04457563907,-0.1567850113,-0.01008582115,1
0.06680556387,0.0464281328,-0.1342170089,-0.00645310618,1
0.06680556387,0.04828062654,-0.0909249112,-0.003506405279,1
0.06680556387,0.05013312027,-0.02044470422,-0.001958225621,1
0.06680556387,0.051985614,NaN,NaN,0
0.06680556387,0.05383810773,NaN,NaN,0
0.06865806133,0.001968274824,NaN,NaN,0
0.06865806133,0.003820769023,-0.2014410794,-0.007808569353,1
0.06865806133,0.005673262756,-0.2034483105,-0.005807075184,1
0.06865806133,0.007525756955,-0.2037720829,-0.004332756158,1
0.06865806133,0.009378250688,-0.2051606327,-0.005049306434,1
0.06865806133,0.01123074535,-0.2078221887,-0.005599454977,1
0.06865806133,0.01308323909,-0.2089059502,-0.005184728652,1
0.06865806133,0.01493573282,-0.2017867118,-0.00825175643,1
0.06865806133,0.01678822748,-0.1897658557,-0.009658720344,1
0.06865806133,0.01864072122,-0.1789544672,-0.006827593781,1
0.06865806133,0.02049321495,-0.1708182245,-0.005741609726,1
0.06865806133,0.02234570868,-0.1654933244,-0.008385855705,1
0.06865806133,0.02419820242,-0.1634744108,-0.01387160923,1
0.06865806133,0.02605069801,-0.1685154587,-0.0194887314,1
0.06865806133,0.02790319175,-0.1806087196,-0.02105981857,1
0.06865806133,0.02975568548,-0.1892821938,-0.01951753721,1
0.06865806133,0.03160817921,-0.1861785799,-0.01888013259,1
0.06865806133,0.03346067294,-0.1703900993,-0.02493004873,1
0.06865806133,0.03531316668,-0.1657230705,-0.03129076958,1
0.06865806133,0.03716566041,-0.1686763614,-0.03433322534,1
0.06865806133,0.03901815414,-0.1692621112,-0.03304239735,1
0.06865806133,0.04087064788,-0.1669776887,-0.02918829024,1
0.06865806133,0.04272314161,-0.1632438153,-0.02257884294,1
0.06865806133,0.04457563907,-0.1524204314,-0.01402399316,1
0.06865806133,0.0464281328,-0.1199152768,-0.008172011934,1
0.06865806133,0.04828062654,-0.04006533697,-0.003134516068,1
0.06865806133,0.05013312027,-0.004908344708,-0.001190169132,1
0.06865806133,0.051985614,NaN,NaN,0
0.06865806133,0.05383810773,NaN,NaN,0
0.07051055133,0.001968274824,NaN,NaN,0
0.07051055133,0.003820769023,-0.2037891597,-0.00962517038,1
0.07051055133,0.005673262756,-0.2042798996,-0.007327879313,1
0.07051055133,0.007525756955,-0.2044383138,-0.00491407793,1
0.07051055133,0.009378250688,-0.2056216449,-0.005518201273,1
0.07051055133,0.01123074535,-0.2069799155,-0.005790922791,1
0.07051055133,0.01308323909,-0.206462115,-0.005928962491,1
0.07051055133,0.01493573282,-0.2008634657,-0.0101289805,1
0.07051055133,0.01678822748,-0.1895536184,-0.0118078934,1
0.07051055133,0.01864072122,-0.1780526638,-0.009153582156,1
0.07051055133,0.02049321495,-0.1694516838,-0.008301335387,1
0.07051055133,0.02234570868,-0.164585501,-0.01148574147,1
0.07051055133,0.02419820242,-0.1648418158,-0.01411597058,1
0.07051055133,0.02605069801,-0.17062217,-0.01653245464,1
0.07051055133,0.02790319175,-0.1826284081,-0.01704317145,1
0.07051055133,0.02975568548,-0.1878070831,-0.01713519171,1
0.07051055133,0.03160817921,-0.1805358976,-0.02012697794,1
0.07051055133,0.03346067294,-0.1674207449,-0.02767306194,1
0.07051055133,0.03531316668,-0.1633654088,-0.03394259885,1
0.07051055133,0.03716566041,-0.1650792509,-0.03710096329,1
0.07051055133,0.03901815414,-0.1634449661,-0.03654654697,1
0.07051055133,0.04087064788,-0.1626288295,-0.03323457018,1
0.07051055133,0.04272314161,-0.1631186306,-0.0280699227,1
0.07051055133,0.04457563907,-0.1512120217,-0.02092162333,1
0.07051055133,0.0464281328,-0.1130185947,-0.01307199709,1
0.07051055133,0.04828062654,-0.02449299768,-0.005067968741,1
0.07051055133,0.05013312027,0.000413607806,-0.001537203323,1
0.07051055133,0.051985614,NaN,NaN,0
0.07051055133,0.05383810773,NaN,NaN,0
0.07236304879,0.001968274824,NaN,NaN,0
0.07236304879,0.003820769023,-0.2043252289,-0.01025188807,1
0.07236304879,0.005673262756,-0.2038392872,-0.007714194711,1
0.07236304879,0.007525756955,-0.2042375505,-0.004920104519,1
0.07236304879,0.009378250688,-0.204871282,-0.00419510901,1
0.07236304879,0.01123074535,-0.2047759593,-0.003352868604,1
0.07236304879,0.01308323909,-0.2026986927,-0.004223490134,1
0.07236304879,0.01493573282,-0.1970022768,-0.00884470623,1
0.07236304879,0.01678822748,-0.1866893768,-0.01340997312,1
0.07236304879,0.01864072122,-0.1764719933,-0.01210072171,1
0.07236304879,0.02049321495,-0.1679820567,-0.009826202877,1
0.07236304879,0.02234570868,-0.1635144204,-0.0124272909,1
0.07236304879,0.02419820242,-0.1679809093,-0.00924459938,1
0.07236304879,0.02605069801,-0.1755331606,-0.008754681796,1
0.07236304879,0.02790319175,-0.1853386611,-0.01100414153,1
0.07236304879,0.02975568548,-0.1874437928,-0.01466990635,1
0.07236304879,0.03160817921,-0.1763713807,-0.02308429405,1
0.07236304879,0.03346067294,-0.1664023548,-0.03304163367,1
0.07236304879,0.03531316668,-0.162005946,-0.04000374675,1
0.07236304879,0.03716566041,-0.1607752293,-0.04207765311,1
0.07236304879,0.03901815414,-0.1594036072,-0.03893344104,1
0.07236304879,0.04087064788,-0.1624571681,-0.03361034766,1
0.07236304879,0.04272314161,-0.1679376364,-0.02979505435,1
0.07236304879,0.04457563907,-0.1540949941,-0.02444928326,1
0.07236304879,0.0464281328,-0.1158639118,-0.01634929143,1
0.07236304879,0.04828062654,-0.02320629731,-0.005641197786,1
0.07236304879,0.05013312027,-0.0002089250047,-0.002000421518,2
0.07236304879,0.051985614,NaN,NaN,0
0.07236304879,0.05383810773,NaN,NaN,0
