PIVlab, ASCII chart output - 08-Oct-2024
FRAME: 227, filenames: A: Basler_acA640-750um__24761715__20241004_145722425_0452.bmp & B: Basler_acA640-750um__24761715__20241004_145722425_0453.bmp, conversion factor xy (px -> m): 0.00011578, conversion factor uv (px/frame -> m/s): 0.034769
x [m],y [m],u [m/s],v [m/s],Vector type [-]
0.001968274824,0.001968274824,NaN,NaN,0
0.001968274824,0.003820769023,-0.1868517399,0.00417386787,1
0.001968274824,0.005673262756,-0.1835120767,0.004283763468,1
0.001968274824,0.007525756955,-0.1845453382,0.00474653393,1
0.001968274824,0.009378250688,-0.1848343164,0.004178710748,1
0.001968274824,0.01123074535,-0.1853553951,0.002064484637,1
0.001968274824,0.01308323909,-0.1861516088,-0.0002038992825,1
0.001968274824,0.01493573282,-0.1833420843,-0.004291037098,1
0.001968274824,0.01678822748,-0.1811336577,-0.00769778993,1
0.001968274824,0.01864072122,-0.1814803034,-0.01279713213,1
0.001968274824,0.02049321495,-0.1837135553,-0.01875788346,1
0.001968274824,0.02234570868,-0.1843945831,-0.02103524283,1
0.001968274824,0.02419820242,-0.1814782917,-0.02053585649,1
0.001968274824,0.02605069801,-0.1797562093,-0.01978804916,1
0.001968274824,0.02790319175,-0.1803787947,-0.02156525478,1
0.001968274824,0.02975568548,-0.1815307587,-0.02609018981,1
0.001968274824,0.03160817921,-0.1840128899,-0.02950980887,1
0.001968274824,0.03346067294,-0.1816264987,-0.03047404625,1
0.001968274824,0.03531316668,-0.1762024611,-0.02968660742,1
0.001968274824,0.03716566041,-0.1749535799,-0.02479121275,1
0.001968274824,0.03901815414,-0.1723843068,-0.01579405367,1
0.001968274824,0.04087064788,-0.1695724577,-0.007739517838,1
0.001968274824,0.04272314161,-0.1684873402,-0.004055937752,1
0.001968274824,0.04457563907,-0.1572201997,-0.00506932009,1
0.001968274824,0.0464281328,-0.1178098843,-0.01103025209,1
0.001968274824,0.04828062654,-0.06749659032,-0.007736744825,1
0.001968274824,0.05013312027,-0.0276145041,-0.004461001139,1
0.001968274824,0.051985614,NaN,NaN,0
0.001968274824,0.05383810773,NaN,NaN,0
0.003820769023,0.001968274824,NaN,NaN,0
0.003820769023,0.003820769023,-0.1852565557,-0.001646056189,1
0.003820769023,0.005673262756,-0.1845272332,-0.002860876964,1
0.003820769023,0.007525756955,-0.1867917627,-0.001217380865,1
0.003820769023,0.009378250688,-0.1896490008,0.001600733842,1
0.003820769023,0.01123074535,-0.1906917095,0.001207849127,1
0.003820769023,0.01308323909,-0.1854836047,-0.002663320396,1
0.003820769023,0.01493573282,-0.1813504547,-0.006485012826,1
0.003820769023,0.01678822748,-0.1812407374,-0.009160884656,1
0.003820769023,0.01864072122,-0.1818348467,-0.01273193955,1
0.003820769023,0.02049321495,-0.1847186685,-0.01740195975,1
0.003820769023,0.02234570868,-0.1890372485,-0.02090985328,1
0.003820769023,0.02419820242,-0.1891257912,-0.0238429904,1
0.003820769023,0.02605069801,-0.1868248135,-0.0257852748,1
0.003820769023,0.02790319175,-0.1838877946,-0.02575862221,1
0.003820769023,0.02975568548,-0.1826231331,-0.0251312051,1
0.003820769023,0.03160817921,-0.1849043518,-0.02639749646,1
0.003820769023,0.03346067294,-0.183536157,-0.02813715674,1
0.003820769023,0.03531316668,-0.1784849614,-0.02845287882,1
0.003820769023,0.03716566041,-0.1759090573,-0.02538570017,1
0.003820769023,0.03901815414,-0.174686417,-0.01908526942,1
0.003820769023,0.04087064788,-0.1731152236,-0.01301814243,1
0.003820769023,0.04272314161,-0.1701172292,-0.008887452073,1
0.003820769023,0.04457563907,-0.1568243206,-0.006616478786,1
0.003820769023,0.0464281328,-0.1192857474,-0.006228440441,1
0.003820769023,0.04828062654,-0.05110592023,-0.00377459405,1
0.003820769023,0.05013312027,-0.007375345565,-0.002315572696,1
0.003820769023,0.051985614,NaN,NaN,0
0.003820769023,0.05383810773,NaN,NaN,0
0.005673262756,0.001968274824,NaN,NaN,0
0.005673262756,0.003820769023,-0.1860575378,-0.004588144831,1
0.005673262756,0.005673262756,-0.1869061738,-0.005658212584,1
0.005673262756,0.007525756955,-0.1890803874,-0.004125847481,1
0.005673262756,0.009378250688,-0.1903752536,-0.002465073718,1
0.005673262756,0.01123074535,-0.1882238686,-0.001832398935,1
0.005673262756,0.01308323909,-0.181194216,-0.004902428947,1
0.005673262756,0.01493573282,-0.1788181067,-0.008050245233,1
0.005673262756,0.01678822748,-0.1817026138,-0.009961577132,1
0.005673262756,0.01864072122,-0.1814687699,-0.0125023555,1
0.005673262756,0.02049321495,-0.1833051592,-0.01661446132,1
0.005673262756,0.02234570868,-0.1888969243,-0.02048230357,1
0.005673262756,0.02419820242,-0.1925471276,-0.02489082888,1
0.005673262756,0.02605069801,-0.1922566593,-0.02946380712,1
0.005673262756,0.02790319175,-0.1882128119,-0.02848483622,1
0.005673262756,0.02975568548,-0.1856805384,-0.023429133,1
0.005673262756,0.03160817921,-0.1859421283,-0.0211928729,1
0.005673262756,0.03346067294,-0.1825612634,-0.02308188565,1
0.005673262756,0.03531316668,-0.1765813082,-0.02425072342,1
0.005673262756,0.03716566041,-0.1756586283,-0.02203433961,1
0.005673262756,0.03901815414,-0.1775412261,-0.01886334084,1
0.005673262756,0.04087064788,-0.1780379862,-0.01519549917,1
0.005673262756,0.04272314161,-0.1744234115,-0.01276629139,1
0.005673262756,0.04457563907,-0.1597832441,-0.01005324442,1
0.005673262756,0.0464281328,-0.1245033517,-0.006618790329,1
0.005673262756,0.04828062654,-0.06827931106,-0.00259116455,1
0.005673262756,0.05013312027,-0.008256845176,-0.001369941398,1
0.005673262756,0.051985614,NaN,NaN,0
0.005673262756,0.05383810773,NaN,NaN,0
0.007525756955,0.001968274824,NaN,NaN,0
0.007525756955,0.003820769023,-0.1883258224,-0.003926920705,1
0.007525756955,0.005673262756,-0.1898878515,-0.00302987406,1
0.007525756955,0.007525756955,-0.1900556237,-0.00266240444,1
0.007525756955,0.009378250688,-0.188891083,-0.003108286532,1
0.007525756955,0.01123074535,-0.1848611236,-0.002724494087,1
0.007525756955,0.01308323909,-0.1796673536,-0.00416597072,1
0.007525756955,0.01493573282,-0.180291608,-0.007038364187,1
0.007525756955,0.01678822748,-0.1836129129,-0.009847736917,1
0.007525756955,0.01864072122,-0.1818287969,-0.01242610347,1
0.007525756955,0.02049321495,-0.1816837043,-0.01603056118,1
0.007525756955,0.02234570868,-0.1868579984,-0.01909209602,1
0.007525756955,0.02419820242,-0.1927561462,-0.02318080887,1
0.007525756955,0.02605069801,-0.1942695081,-0.02892236412,1
0.007525756955,0.02790319175,-0.1922115237,-0.02804908343,1
0.007525756955,0.02975568548,-0.1896057576,-0.02179347724,1
0.007525756955,0.03160817921,-0.1870491207,-0.01868071221,1
0.007525756955,0.03346067294,-0.1815293729,-0.02114303224,1
0.007525756955,0.03531316668,-0.1760501415,-0.02233385108,1
0.007525756955,0.03716566041,-0.1760262549,-0.01893275976,1
0.007525756955,0.03901815414,-0.179173246,-0.01604228839,1
0.007525756955,0.04087064788,-0.181999445,-0.01317515504,1
0.007525756955,0.04272314161,-0.1802896708,-0.01293544192,1
0.007525756955,0.04457563907,-0.1661495417,-0.01155123767,1
0.007525756955,0.0464281328,-0.129487291,-0.006781302858,1
0.007525756955,0.04828062654,-0.06991502643,-0.003082213923,1
0.007525756955,0.05013312027,-0.01636070199,-0.001572379842,2
0.007525756955,0.051985614,NaN,NaN,0
0.007525756955,0.05383810773,NaN,NaN,0
0.009378250688,0.001968274824,NaN,NaN,0
0.009378250688,0.003820769023,-0.1917900294,-0.003267542459,1
0.009378250688,0.005673262756,-0.1910047084,-0.001319118775,1
0.009378250688,0.007525756955,-0.1890860945,-0.0009824931622,1
0.009378250688,0.009378250688,-0.1873771846,-0.0007185883587,1
0.009378250688,0.01123074535,-0.1842344254,-0.0003826871689,1
0.009378250688,0.01308323909,-0.1813870817,-0.0009288119036,1
0.009378250688,0.01493573282,-0.1841456443,-0.00300923828,1
0.009378250688,0.01678822748,-0.1860642135,-0.006713103037,1
0.009378250688,0.01864072122,-0.1827812344,-0.01053833496,1
0.009378250688,0.02049321495,-0.1827075481,-0.01434066892,1
0.009378250688,0.02234570868,-0.1880771071,-0.01730560511,1
0.009378250688,0.02419820242,-0.1937398165,-0.02071671002,1
0.009378250688,0.02605069801,-0.1959893256,-0.02555850707,1
0.009378250688,0.02790319175,-0.1962746978,-0.0245081149,1
0.009378250688,0.02975568548,-0.1947240382,-0.01913737506,1
0.009378250688,0.03160817921,-0.1893448085,-0.01839043945,1
0.009378250688,0.03346067294,-0.1819269657,-0.02096400969,1
0.009378250688,0.03531316668,-0.1762452424,-0.02120372653,1
0.009378250688,0.03716566041,-0.1742615104,-0.01710206456,1
0.009378250688,0.03901815414,-0.1764664948,-0.01329866145,1
0.009378250688,0.04087064788,-0.1813221127,-0.01036035735,1
0.009378250688,0.04272314161,-0.1817917824,-0.01116826851,1
0.009378250688,0.04457563907,-0.1678974628,-0.01115550566,1
0.009378250688,0.0464281328,-0.1219727024,-0.007808609866,1
0.009378250688,0.04828062654,-0.04157645255,-0.003385301214,1
0.009378250688,0.05013312027,-0.001086628996,-0.001407859731,1
0.009378250688,0.051985614,NaN,NaN,0
0.009378250688,0.05383810773,NaN,NaN,0
0.01123074535,0.001968274824,NaN,NaN,0
0.01123074535,0.003820769023,-0.1949694753,-0.003791958326,1
0.01123074535,0.005673262756,-0.1924020201,-0.002682169667,1
0.01123074535,0.007525756955,-0.1900750548,-0.001981187146,1
0.01123074535,0.009378250688,-0.1889339089,0.0003579728073,1
0.01123074535,0.01123074535,-0.1871928275,0.001623912365,1
0.01123074535,0.01308323909,-0.1856990904,0.001632180996,1
0.01123074535,0.01493573282,-0.187029317,0.0007287029293,1
0.01123074535,0.01678822748,-0.1854117662,-0.003432710189,1
0.01123074535,0.01864072122,-0.1818781346,-0.008193817921,1
0.01123074535,0.02049321495,-0.1831313372,-0.01240179222,1
0.01123074535,0.02234570868,-0.189705357,-0.01593078487,1
0.01123074535,0.02419820242,-0.194832325,-0.01747964136,1
0.01123074535,0.02605069801,-0.1981085688,-0.018017672,1
0.01123074535,0.02790319175,-0.1992889345,-0.01613523997,1
0.01123074535,0.02975568548,-0.1953537315,-0.01404855773,1
0.01123074535,0.03160817921,-0.1884129792,-0.01505448017,1
0.01123074535,0.03346067294,-0.1817215234,-0.01817323454,1
0.01123074535,0.03531316668,-0.1760106832,-0.01862267591,1
0.01123074535,0.03716566041,-0.1717596054,-0.01536604203,1
0.01123074535,0.03901815414,-0.1717581898,-0.01150067337,1
0.01123074535,0.04087064788,-0.1766365916,-0.008904016577,1
0.01123074535,0.04272314161,-0.1809221655,-0.01004572306,1
0.01123074535,0.04457563907,-0.1725338101,-0.01042715181,1
0.01123074535,0.0464281328,-0.1297471374,-0.008391391486,1
0.01123074535,0.04828062654,-0.06466275454,-0.003898310708,1
0.01123074535,0.05013312027,-0.01018359885,-0.001551745809,1
0.01123074535,0.051985614,NaN,NaN,0
0.01123074535,0.05383810773,NaN,NaN,0
0.01308323909,0.001968274824,NaN,NaN,0
0.01308323909,0.003820769023,-0.1969929487,-0.004835463595,1
0.01308323909,0.005673262756,-0.1948510855,-0.004764605779,1
0.01308323909,0.007525756955,-0.1928514987,-0.004338346422,1
0.01308323909,0.009378250688,-0.1928812712,-0.001648220699,1
0.01308323909,0.01123074535,-0.1928934008,-4.390286631e-05,1
0.01308323909,0.01308323909,-0.1916887909,0.001073756837,1
0.01308323909,0.01493573282,-0.1887163073,0.001118321321,1
0.01308323909,0.01678822748,-0.1829563677,-0.003184077097,1
0.01308323909,0.01864072122,-0.1794637591,-0.007847350091,1
0.01308323909,0.02049321495,-0.1833218038,-0.01070081443,1
0.01308323909,0.02234570868,-0.1924103647,-0.01302962936,1
0.01308323909,0.02419820242,-0.1967456043,-0.0131521048,1
0.01308323909,0.02605069801,-0.1993203461,-0.0134815136,1
0.01308323909,0.02790319175,-0.1983358264,-0.01470643841,1
0.01308323909,0.02975568548,-0.1908331364,-0.01495222654,1
0.01308323909,0.03160817921,-0.1837527901,-0.01419595163,1
0.01308323909,0.03346067294,-0.1795430183,-0.01581023447,1
0.01308323909,0.03531316668,-0.1750427783,-0.01669002883,1
0.01308323909,0.03716566041,-0.1699932069,-0.01470684353,1
0.01308323909,0.03901815414,-0.1678265184,-0.01108277775,1
0.01308323909,0.04087064788,-0.1717485636,-0.009002893232,1
0.01308323909,0.04272314161,-0.1799101681,-0.009658967145,1
0.01308323909,0.04457563907,-0.1794509441,-0.009515197016,1
0.01308323909,0.0464281328,-0.1490974426,-0.007462879177,1
0.01308323909,0.04828062654,-0.07914054394,-0.003954871558,1
0.01308323909,0.05013312027,-0.02311239205,-0.001603622106,1
0.01308323909,0.051985614,NaN,NaN,0
0.01308323909,0.05383810773,NaN,NaN,0
0.01493573282,0.001968274824,NaN,NaN,0
0.01493573282,0.003820769023,-0.198272422,-0.006600614171,1
0.01493573282,0.005673262756,-0.1984799802,-0.005610055756,1
0.01493573282,0.007525756955,-0.1964751184,-0.004056833219,1
0.01493573282,0.009378250688,-0.1950882375,-0.00174675812,1
0.01493573282,0.01123074535,-0.1943427026,-0.001034575631,1
0.01493573282,0.01308323909,-0.1925311536,-0.0007769039366,1
0.01493573282,0.01493573282,-0.1884829104,-0.001652397797,1
0.01493573282,0.01678822748,-0.1811030507,-0.006059702951,1
0.01493573282,0.01864072122,-0.1781373769,-0.01086075045,1
0.01493573282,0.02049321495,-0.1861740202,-0.01159067731,1
0.01493573282,0.02234570868,-0.1989171356,-0.0114648873,1
0.01493573282,0.02419820242,-0.2006414086,-0.0125803249,1
0.01493573282,0.02605069801,-0.2000496536,-0.01501401979,1
0.01493573282,0.02790319175,-0.1956031621,-0.01757457107,1
0.01493573282,0.02975568548,-0.1856970042,-0.01870021224,1
0.01493573282,0.03160817921,-0.1799864173,-0.01739305817,1
0.01493573282,0.03346067294,-0.1785229146,-0.01578905992,1
0.01493573282,0.03531316668,-0.1755280346,-0.01482809335,1
0.01493573282,0.03716566041,-0.1695302725,-0.0147266537,1
0.01493573282,0.03901815414,-0.1661111414,-0.013331878,1
0.01493573282,0.04087064788,-0.169116661,-0.01129697356,1
0.01493573282,0.04272314161,-0.1777147651,-0.009518797509,1
0.01493573282,0.04457563907,-0.1779316366,-0.007763365284,1
0.01493573282,0.0464281328,-0.1443296224,-0.005229828414,1
0.01493573282,0.04828062654,-0.041139137,-0.002141181147,1
0.01493573282,0.05013312027,-0.001762516564,-0.001225162181,1
0.01493573282,0.051985614,NaN,NaN,0
0.01493573282,0.05383810773,NaN,NaN,0
0.01678822748,0.001968274824,NaN,NaN,0
0.01678822748,0.003820769023,-0.1979387999,-0.008050294593,1
0.01678822748,0.005673262756,-0.1997873783,-0.006023338065,1
0.01678822748,0.007525756955,-0.1969405413,-0.004515625071,1
0.01678822748,0.009378250688,-0.1944223046,-0.002389136702,1
0.01678822748,0.01123074535,-0.1933593303,-0.001083802781,1
0.01678822748,0.01308323909,-0.1909802407,-0.001801019185,1
0.01678822748,0.01493573282,-0.1848952919,-0.004239918664,1
0.01678822748,0.01678822748,-0.1767915189,-0.009687050246,1
0.01678822748,0.01864072122,-0.1772905886,-0.01479868311,1
0.01678822748,0.02049321495,-0.1884983182,-0.01495029777,1
0.01678822748,0.02234570868,-0.1996144652,-0.01442645676,1
0.01678822748,0.02419820242,-0.1996313781,-0.01625140756,1
0.01678822748,0.02605069801,-0.195343703,-0.01906042546,1
0.01678822748,0.02790319175,-0.1898787767,-0.01977247931,1
0.01678822748,0.02975568548,-0.1824899316,-0.01852387004,1
0.01678822748,0.03160817921,-0.1796151102,-0.01738400199,1
0.01678822748,0.03346067294,-0.1804578602,-0.01552545559,1
0.01678822748,0.03531316668,-0.1780946255,-0.01434119884,1
0.01678822748,0.03716566041,-0.1710005403,-0.01529312134,1
0.01678822748,0.03901815414,-0.1676153541,-0.01553611737,1
0.01678822748,0.04087064788,-0.1702698469,-0.01359385811,1
0.01678822748,0.04272314161,-0.1769935638,-0.00961462222,1
0.01678822748,0.04457563907,-0.1756467223,-0.006535271183,1
0.01678822748,0.0464281328,-0.1432389766,-0.003984935116,1
0.01678822748,0.04828062654,-0.03740180656,-0.001861537807,1
0.01678822748,0.05013312027,0.0007189498283,-0.0009200959466,1
0.01678822748,0.051985614,NaN,NaN,0
0.01678822748,0.05383810773,NaN,NaN,0
0.01864072122,0.001968274824,NaN,NaN,0
0.01864072122,0.003820769023,-0.1978144795,-0.00851323735,1
0.01864072122,0.005673262756,-0.2001707405,-0.005649703555,1
0.01864072122,0.007525756955,-0.1958986968,-0.004758692347,1
0.01864072122,0.009378250688,-0.19243218,-0.002994335955,1
0.01864072122,0.01123074535,-0.1912754774,-0.001061554765,1
0.01864072122,0.01308323909,-0.1880527288,-0.002457786351,1
0.01864072122,0.01493573282,-0.1800147444,-0.007171791513,1
0.01864072122,0.01678822748,-0.1715305448,-0.01399919949,1
0.01864072122,0.01864072122,-0.1739334762,-0.01843894273,1
0.01864072122,0.02049321495,-0.1840265244,-0.01926003955,1
0.01864072122,0.02234570868,-0.1920169592,-0.01991352253,1
0.01864072122,0.02419820242,-0.1908876002,-0.02194516547,1
0.01864072122,0.02605069801,-0.1851134449,-0.02321974002,1
0.01864072122,0.02790319175,-0.1818013042,-0.02168915048,1
0.01864072122,0.02975568548,-0.1798098087,-0.01970140077,1
0.01864072122,0.03160817921,-0.180328995,-0.01858611777,1
0.01864072122,0.03346067294,-0.1829906702,-0.01845694333,1
0.01864072122,0.03531316668,-0.1813515723,-0.01898922585,1
0.01864072122,0.03716566041,-0.1758901775,-0.01957237907,1
0.01864072122,0.03901815414,-0.174348399,-0.01907956228,1
0.01864072122,0.04087064788,-0.1778777689,-0.01692486927,1
0.01864072122,0.04272314161,-0.1814369708,-0.01261259802,1
0.01864072122,0.04457563907,-0.1767305881,-0.007943064906,1
0.01864072122,0.0464281328,-0.1481989473,-0.004427386913,1
0.01864072122,0.04828062654,-0.06962017715,-0.002368377987,1
0.01864072122,0.05013312027,-0.01830057055,-0.0009173159488,2
0.01864072122,0.051985614,NaN,NaN,0
0.01864072122,0.05383810773,NaN,NaN,0
0.02049321495,0.001968274824,NaN,NaN,0
0.02049321495,0.003820769023,-0.1999402344,-0.007832738571,1
0.02049321495,0.005673262756,-0.201250121,-0.004912125878,1
0.02049321495,0.007525756955,-0.1971522868,-0.003811273258,1
0.02049321495,0.009378250688,-0.1934362948,-0.001959552523,1
0.02049321495,0.01123074535,-0.1909416169,-0.0004670426715,1
0.02049321495,0.01308323909,-0.1873004884,-0.002769021085,1
0.02049321495,0.01493573282,-0.1803999841,-0.009433683008,1
0.02049321495,0.01678822748,-0.1736864448,-0.01848734729,1
0.02049321495,0.01864072122,-0.1745042801,-0.02305528149,1
0.02049321495,0.02049321495,-0.17906636,-0.02346406318,1
0.02049321495,0.02234570868,-0.1814589947,-0.02392445691,1
0.02049321495,0.02419820242,-0.1800565124,-0.02561426908,1
0.02049321495,0.02605069801,-0.1775650084,-0.02588515729,1
0.02049321495,0.02790319175,-0.1770851165,-0.02506450936,1
0.02049321495,0.02975568548,-0.1787946373,-0.02484891936,1
0.02049321495,0.03160817921,-0.1819307506,-0.02418703213,1
0.02049321495,0.03346067294,-0.1849151999,-0.02464544587,1
0.02049321495,0.03531316668,-0.1853556633,-0.02532339096,1
0.02049321495,0.03716566041,-0.1847892553,-0.02489813976,1
0.02049321495,0.03901815414,-0.1858795732,-0.02343963645,1
0.02049321495,0.04087064788,-0.1877862662,-0.02108991332,1
0.02049321495,0.04272314161,-0.1879503429,-0.01697214879,1
0.02049321495,0.04457563907,-0.178458795,-0.01123024058,1
0.02049321495,0.0464281328,-0.1409309506,-0.006826216355,1
0.02049321495,0.04828062654,-0.0442448929,-0.003247244749,1
0.02049321495,0.05013312027,-0.003190622665,-0.0006239385693,1
0.02049321495,0.051985614,NaN,NaN,0
0.02049321495,0.05383810773,NaN,NaN,0
0.02234570868,0.001968274824,NaN,NaN,0
0.02234570868,0.003820769023,-0.2008621544,-0.007143940311,1
0.02234570868,0.005673262756,-0.2013577074,-0.00522740325,1
0.02234570868,0.007525756955,-0.1994002312,-0.003692504251,1
0.02234570868,0.009378250688,-0.1959448606,-0.001537690056,1
0.02234570868,0.01123074535,-0.1914181262,-0.0002832325117,1
0.02234570868,0.01308323909,-0.1868774593,-0.002461351221,1
0.02234570868,0.01493573282,-0.1813906133,-0.01101335138,1
0.02234570868,0.01678822748,-0.1770926863,-0.02386637032,1
0.02234570868,0.01864072122,-0.1771408916,-0.02865308151,1
0.02234570868,0.02049321495,-0.1774468273,-0.02573341317,1
0.02234570868,0.02234570868,-0.1746460497,-0.02483826503,1
0.02234570868,0.02419820242,-0.1730446368,-0.02658521384,1
0.02234570868,0.02605069801,-0.1744720936,-0.02872447111,1
0.02234570868,0.02790319175,-0.176864922,-0.0309165176,1
0.02234570868,0.02975568548,-0.1806558669,-0.03180796653,1
0.02234570868,0.03160817921,-0.1852113754,-0.03010364063,1
0.02234570868,0.03346067294,-0.1883589476,-0.02814502455,1
0.02234570868,0.03531316668,-0.1898973733,-0.02746709809,1
0.02234570868,0.03716566041,-0.1905224621,-0.02684273198,1
0.02234570868,0.03901815414,-0.1905439049,-0.02634386159,1
0.02234570868,0.04087064788,-0.1898229271,-0.0231666714,1
0.02234570868,0.04272314161,-0.1893444955,-0.01884460822,1
0.02234570868,0.04457563907,-0.1828148663,-0.01382807363,1
0.02234570868,0.0464281328,-0.1497682184,-0.009388385341,1
0.02234570868,0.04828062654,-0.05968188122,-0.004276242107,1
0.02234570868,0.05013312027,-0.005091705825,-0.0008565420867,1
0.02234570868,0.051985614,NaN,NaN,0
0.02234570868,0.05383810773,NaN,NaN,0
0.02419820242,0.001968274824,NaN,NaN,0
0.02419820242,0.003820769023,-0.1992901415,-0.006916760933,1
0.02419820242,0.005673262756,-0.1993161291,-0.006468787324,1
0.02419820242,0.007525756955,-0.1987763196,-0.005174606107,1
0.02419820242,0.009378250688,-0.196287632,-0.00247641094,1
0.02419820242,0.01123074535,-0.1914278865,-0.0006852980005,1
0.02419820242,0.01308323909,-0.185977906,-0.002013102639,1
0.02419820242,0.01493573282,-0.180720076,-0.009081905708,1
0.02419820242,0.01678822748,-0.1773204952,-0.02098742872,1
0.02419820242,0.01864072122,-0.1777596921,-0.0272349827,1
0.02419820242,0.02049321495,-0.1781074852,-0.02422806993,1
0.02419820242,0.02234570868,-0.1744104773,-0.02421925217,1
0.02419820242,0.02419820242,-0.1726805121,-0.02740448341,1
0.02419820242,0.02605069801,-0.1751977354,-0.03095172904,1
0.02419820242,0.02790319175,-0.1799515933,-0.03312158585,1
0.02419820242,0.02975568548,-0.1851648837,-0.03240588307,1
0.02419820242,0.03160817921,-0.1904141158,-0.02891677059,1
0.02419820242,0.03346067294,-0.1939683557,-0.02469949238,1
0.02419820242,0.03531316668,-0.1939842105,-0.0231259428,1
0.02419820242,0.03716566041,-0.1912837923,-0.0242301859,1
0.02419820242,0.03901815414,-0.1868749112,-0.0261024069,1
0.02419820242,0.04087064788,-0.1841976494,-0.02279771864,1
0.02419820242,0.04272314161,-0.1845583618,-0.01882852241,1
0.02419820242,0.04457563907,-0.1804726422,-0.01461203862,1
0.02419820242,0.0464281328,-0.1533523351,-0.009225134738,1
0.02419820242,0.04828062654,-0.07132509351,-0.0027748961,1
0.02419820242,0.05013312027,-0.01079317182,0.0001362302719,1
0.02419820242,0.051985614,NaN,NaN,0
0.02419820242,0.05383810773,NaN,NaN,0
0.02605069801,0.001968274824,NaN,NaN,0
0.02605069801,0.003820769023,-0.1991846412,-0.00469265366,1
0.02605069801,0.005673262756,-0.1984839439,-0.004539268557,1
0.02605069801,0.007525756955,-0.1980062127,-0.00282521965,1
0.02605069801,0.009378250688,-0.1954287738,0.0002511338098,1
0.02605069801,0.01123074535,-0.1909204423,0.002290007425,1
0.02605069801,0.01308323909,-0.1859265566,0.001978409011,1
0.02605069801,0.01493573282,-0.1806692332,-0.001561731799,1
0.02605069801,0.01678822748,-0.1761546582,-0.008607412688,1
0.02605069801,0.01864072122,-0.1754836887,-0.01577682048,1
0.02605069801,0.02049321495,-0.177710861,-0.01969741471,1
0.02605069801,0.02234570868,-0.1785009205,-0.02261521108,1
0.02605069801,0.02419820242,-0.1777439713,-0.02616284415,1
0.02605069801,0.02605069801,-0.1804765165,-0.02896000072,1
0.02605069801,0.02790319175,-0.1864605099,-0.02934310958,1
0.02605069801,0.02975568548,-0.1927078962,-0.02560421452,1
0.02605069801,0.03160817921,-0.1975046694,-0.02029331587,1
0.02605069801,0.03346067294,-0.1989619881,-0.01574653015,1
0.02605069801,0.03531316668,-0.1947400421,-0.01555361319,1
0.02605069801,0.03716566041,-0.1886047572,-0.01884675026,1
0.02605069801,0.03901815414,-0.184432596,-0.02113597654,1
0.02605069801,0.04087064788,-0.1811238676,-0.0196876768,1
0.02605069801,0.04272314161,-0.1802632362,-0.01821692847,1
0.02605069801,0.04457563907,-0.1773823649,-0.014978447,1
0.02605069801,0.0464281328,-0.1596914232,-0.008838231675,1
0.02605069801,0.04828062654,-0.1091316268,-0.001968007768,1
0.02605069801,0.05013312027,-0.03975906968,0.0006602559006,1
0.02605069801,0.051985614,NaN,NaN,0
0.02605069801,0.05383810773,NaN,NaN,0
0.02790319175,0.001968274824,NaN,NaN,0
0.02790319175,0.003820769023,-0.2024620622,-0.001232716721,1
0.02790319175,0.005673262756,-0.20066984,0.0002849540033,1
0.02790319175,0.007525756955,-0.1980261654,0.002679185476,1
0.02790319175,0.009378250688,-0.1948576123,0.005388343241,1
0.02790319175,0.01123074535,-0.1904777735,0.007307481021,1
0.02790319175,0.01308323909,-0.185163036,0.007581369486,1
0.02790319175,0.01493573282,-0.1795033067,0.004627539776,1
0.02790319175,0.01678822748,-0.1742334813,-0.0002589874784,1
0.02790319175,0.01864072122,-0.1711990535,-0.007233477663,1
0.02790319175,0.02049321495,-0.1731780767,-0.01507022325,1
0.02790319175,0.02234570868,-0.1796422303,-0.02100643516,1
0.02790319175,0.02419820242,-0.184500277,-0.02522277832,1
0.02790319175,0.02605069801,-0.1890756041,-0.02563363314,1
0.02790319175,0.02790319175,-0.19466196,-0.02246662602,1
0.02790319175,0.02975568548,-0.2010210156,-0.01609504223,1
0.02790319175,0.03160817921,-0.2027063519,-0.01050714683,1
0.02790319175,0.03346067294,-0.1979816854,-0.007464402355,1
0.02790319175,0.03531316668,-0.1893205643,-0.008503165096,1
0.02790319175,0.03716566041,-0.182781592,-0.01167638879,1
0.02790319175,0.03901815414,-0.1830305457,-0.01391434763,1
0.02790319175,0.04087064788,-0.1812850386,-0.01490674354,1
0.02790319175,0.04272314161,-0.1799034625,-0.01584246755,1
0.02790319175,0.04457563907,-0.1774764657,-0.01355273277,1
0.02790319175,0.0464281328,-0.1647721678,-0.008873354644,1
0.02790319175,0.04828062654,-0.1411106735,-0.00298730284,1
0.02790319175,0.05013312027,-0.1132952273,-0.0006437879638,1
0.02790319175,0.051985614,NaN,NaN,0
0.02790319175,0.05383810773,NaN,NaN,0
0.02975568548,0.001968274824,NaN,NaN,0
0.02975568548,0.003820769023,-0.207584396,0.0009642135701,1
0.02975568548,0.005673262756,-0.2040926367,0.003086832585,1
0.02975568548,0.007525756955,-0.1985699087,0.00466539152,1
0.02975568548,0.009378250688,-0.1941983402,0.006653334945,1
0.02975568548,0.01123074535,-0.1895337254,0.008959397674,1
0.02975568548,0.01308323909,-0.1832018793,0.01027306821,1
0.02975568548,0.01493573282,-0.1770074964,0.008386889473,1
0.02975568548,0.01678822748,-0.1714057773,0.003836620599,1
0.02975568548,0.01864072122,-0.1659955233,-0.002544358838,1
0.02975568548,0.02049321495,-0.1659847349,-0.01031271834,1
0.02975568548,0.02234570868,-0.1741777658,-0.01863332279,1
0.02975568548,0.02419820242,-0.1835820228,-0.0236738883,1
0.02975568548,0.02605069801,-0.1928108782,-0.02201022767,1
0.02975568548,0.02790319175,-0.20049119,-0.01554918848,1
0.02975568548,0.02975568548,-0.2056243867,-0.008930507116,1
0.02975568548,0.03160817921,-0.203586325,-0.005729693919,1
0.02975568548,0.03346067294,-0.1933990717,-0.005892502144,1
0.02975568548,0.03531316668,-0.181773439,-0.006633307319,1
0.02975568548,0.03716566041,-0.1760661602,-0.006007643882,1
0.02975568548,0.03901815414,-0.177712962,-0.007515720092,1
0.02975568548,0.04087064788,-0.1798144281,-0.009859578684,1
0.02975568548,0.04272314161,-0.1811213791,-0.01116040349,1
0.02975568548,0.04457563907,-0.1796434969,-0.010177291,1
0.02975568548,0.0464281328,-0.1689408869,-0.008783569559,1
0.02975568548,0.04828062654,-0.1541666985,-0.003875100985,1
0.02975568548,0.05013312027,-0.1345672309,-0.002063072287,2
0.02975568548,0.051985614,NaN,NaN,0
0.02975568548,0.05383810773,NaN,NaN,0
0.03160817921,0.001968274824,NaN,NaN,0
0.03160817921,0.003820769023,-0.2110364437,-0.0007483783993,1
0.03160817921,0.005673262756,-0.206345588,4.239195277e-06,1
0.03160817921,0.007525756955,-0.199357748,0.0005057494855,1
0.03160817921,0.009378250688,-0.1926328987,0.00211128802,1
0.03160817921,0.01123074535,-0.1870737523,0.004501923919,1
0.03160817921,0.01308323909,-0.1799384058,0.005414562766,1
0.03160817921,0.01493573282,-0.1725643724,0.003733152058,1
0.03160817921,0.01678822748,-0.1657650173,-0.001045799931,1
0.03160817921,0.01864072122,-0.1609785855,-0.004193760455,1
0.03160817921,0.02049321495,-0.161810264,-0.004302000161,1
0.03160817921,0.02234570868,-0.1706103384,-0.006730237976,1
0.03160817921,0.02419820242,-0.1809703112,-0.00969915092,1
0.03160817921,0.02605069801,-0.1943316013,-0.009052872658,1
0.03160817921,0.02790319175,-0.2049693018,-0.00587624684,1
0.03160817921,0.02975568548,-0.2067756504,-0.004279180896,1
0.03160817921,0.03160817921,-0.2017428279,-0.005135977641,1
0.03160817921,0.03346067294,-0.1897731721,-0.008160102181,1
0.03160817921,0.03531316668,-0.1778648645,-0.009281339124,1
0.03160817921,0.03716566041,-0.1720082015,-0.007043079007,1
0.03160817921,0.03901815414,-0.1721651852,-0.007345851511,1
0.03160817921,0.04087064788,-0.1753776371,-0.007891639136,1
0.03160817921,0.04272314161,-0.1784655452,-0.008039209992,1
0.03160817921,0.04457563907,-0.1775323898,-0.008586844429,1
0.03160817921,0.0464281328,-0.1681144983,-0.008490067907,1
0.03160817921,0.04828062654,-0.153974399,-0.004790655803,1
0.03160817921,0.05013312027,-0.1363758445,-0.003208811628,2
0.03160817921,0.051985614,NaN,NaN,0
0.03160817921,0.05383810773,NaN,NaN,0
0.03346067294,0.001968274824,NaN,NaN,0
0.03346067294,0.003820769023,-0.2120135576,-0.004993044306,1
0.03346067294,0.005673262756,-0.2068152726,-0.005138834007,1
0.03346067294,0.007525756955,-0.1987538487,-0.005504259374,1
0.03346067294,0.009378250688,-0.1892300844,-0.005224244669,1
0.03346067294,0.01123074535,-0.1818992496,-0.003922202624,1
0.03346067294,0.01308323909,-0.1752910763,-0.00293141976,1
0.03346067294,0.01493573282,-0.1677672565,-0.003300791141,1
0.03346067294,0.01678822748,-0.1603519171,-0.006336989347,1
0.03346067294,0.01864072122,-0.158615917,-0.004979232792,1
0.03346067294,0.02049321495,-0.1635693759,0.004042378627,1
0.03346067294,0.02234570868,-0.1726548076,0.009131654166,1
0.03346067294,0.02419820242,-0.1826408654,0.009417588823,1
0.03346067294,0.02605069801,-0.1951669753,0.006715664174,1
0.03346067294,0.02790319175,-0.2044222206,0.0008773290319,1
0.03346067294,0.02975568548,-0.2052437067,-0.003216278739,1
0.03346067294,0.03160817921,-0.1993480474,-0.006852739025,1
0.03346067294,0.03346067294,-0.1881410778,-0.01063139457,1
0.03346067294,0.03531316668,-0.177288413,-0.01324143726,1
0.03346067294,0.03716566041,-0.1717389226,-0.01242502499,1
0.03346067294,0.03901815414,-0.1710434854,-0.0111669004,1
0.03346067294,0.04087064788,-0.1731639206,-0.00921290461,1
0.03346067294,0.04272314161,-0.1757635176,-0.008358688094,1
0.03346067294,0.04457563907,-0.1745182723,-0.00858467631,1
0.03346067294,0.0464281328,-0.1645349413,-0.008009188809,1
0.03346067294,0.04828062654,-0.1470146775,-0.005405962002,1
0.03346067294,0.05013312027,-0.1318844557,-0.003898678347,2
0.03346067294,0.051985614,NaN,NaN,0
0.03346067294,0.05383810773,NaN,NaN,0
0.03531316668,0.001968274824,NaN,NaN,0
0.03531316668,0.003820769023,-0.2104651481,-0.007886566222,1
0.03531316668,0.005673262756,-0.2067833543,-0.009438646026,1
0.03531316668,0.007525756955,-0.1982708871,-0.009729742073,1
0.03531316668,0.009378250688,-0.1875916719,-0.009339694865,1
0.03531316668,0.01123074535,-0.1799063981,-0.008033190854,1
0.03531316668,0.01308323909,-0.1735209823,-0.006545245182,1
0.03531316668,0.01493573282,-0.1663552225,-0.005612014327,1
0.03531316668,0.01678822748,-0.1581787467,-0.008155091666,1
0.03531316668,0.01864072122,-0.1588184834,-0.004691091366,1
0.03531316668,0.02049321495,-0.1681412756,0.008181577548,1
0.03531316668,0.02234570868,-0.1773420423,0.01610365324,1
0.03531316668,0.02419820242,-0.1841731966,0.01620906405,1
0.03531316668,0.02605069801,-0.1923104227,0.01008370239,1
0.03531316668,0.02790319175,-0.1991087198,0.0003050417581,1
0.03531316668,0.02975568548,-0.1999893785,-0.00564215146,1
0.03531316668,0.03160817921,-0.1948871315,-0.009827975184,1
0.03531316668,0.03346067294,-0.1856277138,-0.01394352783,1
0.03531316668,0.03531316668,-0.1775330007,-0.01663699001,1
0.03531316668,0.03716566041,-0.1739603579,-0.01664107293,1
0.03531316668,0.03901815414,-0.1733891964,-0.01490423456,1
0.03531316668,0.04087064788,-0.1739238501,-0.01157212164,1
0.03531316668,0.04272314161,-0.1753663123,-0.009731198661,1
0.03531316668,0.04457563907,-0.1740814596,-0.009258728474,1
0.03531316668,0.0464281328,-0.1662705243,-0.008503601886,1
0.03531316668,0.04828062654,-0.1516006142,-0.004975987133,1
0.03531316668,0.05013312027,-0.1296901703,-0.003764354624,2
0.03531316668,0.051985614,NaN,NaN,0
0.03531316668,0.05383810773,NaN,NaN,0
0.03716566041,0.001968274824,NaN,NaN,0
0.03716566041,0.003820769023,-0.2079275548,-0.006812308449,1
0.03716566041,0.005673262756,-0.2069099694,-0.01017790753,1
0.03716566041,0.007525756955,-0.1989228129,-0.01133140456,1
0.03716566041,0.009378250688,-0.1880063564,-0.01036943961,1
0.03716566041,0.01123074535,-0.1814084947,-0.008918012492,1
0.03716566041,0.01308323909,-0.174527362,-0.006928743795,1
0.03716566041,0.01493573282,-0.1680139452,-0.004046824295,1
0.03716566041,0.01678822748,-0.1623602957,-0.004637445323,1
0.03716566041,0.01864072122,-0.1655541956,-0.001352133695,1
0.03716566041,0.02049321495,-0.1771557331,0.008814353496,1
0.03716566041,0.02234570868,-0.1841042042,0.01318485569,1
0.03716566041,0.02419820242,-0.1841901243,0.009195068851,1
0.03716566041,0.02605069801,-0.1878134906,0.002379070502,1
0.03716566041,0.02790319175,-0.1921704113,-0.004875260871,1
0.03716566041,0.02975568548,-0.1915553212,-0.009990578517,1
0.03716566041,0.03160817921,-0.1870781332,-0.01511454117,1
0.03716566041,0.03346067294,-0.1812590659,-0.01984838955,1
0.03716566041,0.03531316668,-0.1782503128,-0.02002077736,1
0.03716566041,0.03716566041,-0.1788676828,-0.01752816886,1
0.03716566041,0.03901815414,-0.1786741614,-0.01500678062,1
0.03716566041,0.04087064788,-0.1776897311,-0.01096464321,1
0.03716566041,0.04272314161,-0.1775150299,-0.008386206813,1
0.03716566041,0.04457563907,-0.1759011149,-0.00878014043,1
0.03716566041,0.0464281328,-0.1707655191,-0.01026158035,1
0.03716566041,0.04828062654,-0.1577714086,-0.006230368279,1
0.03716566041,0.05013312027,-0.1212266982,-0.004155579023,2
0.03716566041,0.051985614,NaN,NaN,0
0.03716566041,0.05383810773,NaN,NaN,0
0.03901815414,0.001968274824,NaN,NaN,0
0.03901815414,0.003820769023,-0.2055622488,-0.00334874657,1
0.03901815414,0.005673262756,-0.2051793784,-0.006677246187,1
0.03901815414,0.007525756955,-0.1993576586,-0.009128371254,1
0.03901815414,0.009378250688,-0.1899069995,-0.009622886777,1
0.03901815414,0.01123074535,-0.1831047237,-0.008987395093,1
0.03901815414,0.01308323909,-0.1772872359,-0.006634625606,1
0.03901815414,0.01493573282,-0.1722833216,-0.001789725153,1
0.03901815414,0.01678822748,-0.171206668,0.001968108118,1
0.03901815414,0.01864072122,-0.1769056767,0.004467733204,1
0.03901815414,0.02049321495,-0.1841714978,0.006914115977,1
0.03901815414,0.02234570868,-0.1875170916,0.00681418553,1
0.03901815414,0.02419820242,-0.1848024279,0.002499125432,1
0.03901815414,0.02605069801,-0.1841688007,-0.0025970391,1
0.03901815414,0.02790319175,-0.1843494028,-0.007512096316,1
0.03901815414,0.02975568548,-0.1811600477,-0.01306337863,1
0.03901815414,0.03160817921,-0.1764238775,-0.02212797664,1
0.03901815414,0.03346067294,-0.1776318699,-0.0244803708,1
0.03901815414,0.03531316668,-0.1822057068,-0.01988879032,1
0.03901815414,0.03716566041,-0.1858123839,-0.01441400871,1
0.03901815414,0.03901815414,-0.1841407567,-0.01199616957,1
0.03901815414,0.04087064788,-0.180097118,-0.009069946595,1
0.03901815414,0.04272314161,-0.1779999286,-0.006029193755,1
0.03901815414,0.04457563907,-0.1763946265,-0.00632899534,1
0.03901815414,0.0464281328,-0.170461908,-0.01079516578,1
0.03901815414,0.04828062654,-0.1497952938,-0.008749905042,1
0.03901815414,0.05013312027,-0.09201755375,-0.004772766493,2
0.03901815414,0.051985614,NaN,NaN,0
0.03901815414,0.05383810773,NaN,NaN,0
0.04087064788,0.001968274824,NaN,NaN,0
0.04087064788,0.003820769023,-0.202972278,-0.001099077868,1
0.04087064788,0.005673262756,-0.2023153156,-0.00353115052,1
0.04087064788,0.007525756955,-0.1987379491,-0.006299407221,1
0.04087064788,0.009378250688,-0.1915264428,-0.008536568843,1
0.04087064788,0.01123074535,-0.1824404746,-0.009483186528,1
0.04087064788,0.01308323909,-0.176481992,-0.008010878228,1
0.04087064788,0.01493573282,-0.1753901243,-0.003288391046,1
0.04087064788,0.01678822748,-0.177375555,0.0005123136216,1
0.04087064788,0.01864072122,-0.1807727069,0.001681663794,1
0.04087064788,0.02049321495,-0.1841248572,0.0003369658662,1
0.04087064788,0.02234570868,-0.1878717989,-0.000726255239,1
0.04087064788,0.02419820242,-0.1874195784,-0.002115362324,1
0.04087064788,0.02605069801,-0.1832578629,-0.004736132454,1
0.04087064788,0.02790319175,-0.1790801287,-0.007542921696,1
0.04087064788,0.02975568548,-0.1755786538,-0.01219876017,1
0.04087064788,0.03160817921,-0.1750602424,-0.02049726807,1
0.04087064788,0.03346067294,-0.1827456355,-0.02035449445,1
0.04087064788,0.03531316668,-0.1904456168,-0.01427987311,1
0.04087064788,0.03716566041,-0.1909878552,-0.01044625044,1
0.04087064788,0.03901815414,-0.1853233874,-0.01030945964,1
0.04087064788,0.04087064788,-0.1775837243,-0.009557954036,1
0.04087064788,0.04272314161,-0.1741655916,-0.005923664663,1
0.04087064788,0.04457563907,-0.1719719172,-0.004490810912,1
0.04087064788,0.0464281328,-0.1598452479,-0.009010111913,1
0.04087064788,0.04828062654,-0.1181273907,-0.007661624346,1
0.04087064788,0.05013312027,-0.03961196542,-0.003049505176,1
0.04087064788,0.051985614,NaN,NaN,0
0.04087064788,0.05383810773,NaN,NaN,0
0.04272314161,0.001968274824,NaN,NaN,0
0.04272314161,0.003820769023,-0.2014784217,0.0004235321248,1
0.04272314161,0.005673262756,-0.2009975165,-0.001193398028,1
0.04272314161,0.007525756955,-0.198178798,-0.00347746606,1
0.04272314161,0.009378250688,-0.191707015,-0.005590395536,1
0.04272314161,0.01123074535,-0.1821436733,-0.007324173115,1
0.04272314161,0.01308323909,-0.1750291884,-0.008660567924,1
0.04272314161,0.01493573282,-0.173051402,-0.007208548486,1
0.04272314161,0.01678822748,-0.1735339314,-0.005355737172,1
0.04272314161,0.01864072122,-0.1749659479,-0.005074573215,1
0.04272314161,0.02049321495,-0.1789708138,-0.006855891086,1
0.04272314161,0.02234570868,-0.185340628,-0.008231833577,1
0.04272314161,0.02419820242,-0.1869202703,-0.008463893086,1
0.04272314161,0.02605069801,-0.1831975728,-0.008244957775,1
0.04272314161,0.02790319175,-0.1790724993,-0.007641042117,1
0.04272314161,0.02975568548,-0.1788757145,-0.007903772406,1
0.04272314161,0.03160817921,-0.1839458644,-0.009765726514,1
0.04272314161,0.03346067294,-0.1934414059,-0.008866872638,1
0.04272314161,0.03531316668,-0.1976706684,-0.007445062045,1
0.04272314161,0.03716566041,-0.1940750778,-0.007625507191,1
0.04272314161,0.03901815414,-0.1851388216,-0.009616010822,1
0.04272314161,0.04087064788,-0.1750595123,-0.01056225225,1
0.04272314161,0.04272314161,-0.1690656692,-0.007587920874,1
0.04272314161,0.04457563907,-0.1611801386,-0.005021356978,1
0.04272314161,0.0464281328,-0.1331002414,-0.005268663634,1
0.04272314161,0.04828062654,-0.04965541139,-0.002267915756,1
0.04272314161,0.05013312027,-0.0129900407,-0.0003259943041,1
0.04272314161,0.051985614,NaN,NaN,0
0.04272314161,0.05383810773,NaN,NaN,0
0.04457563907,0.001968274824,NaN,NaN,0
0.04457563907,0.003820769023,-0.200823158,0.003553359769,1
0.04457563907,0.005673262756,-0.1999121457,0.00330738537,1
0.04457563907,0.007525756955,-0.1970558465,0.001727439347,1
0.04457563907,0.009378250688,-0.1909181625,-0.0001159748499,1
0.04457563907,0.01123074535,-0.1826805323,-0.001849244698,1
0.04457563907,0.01308323909,-0.1742147207,-0.005023466889,1
0.04457563907,0.01493573282,-0.1682074666,-0.008079937659,1
0.04457563907,0.01678822748,-0.1652192622,-0.009813807905,1
0.04457563907,0.01864072122,-0.1674467623,-0.01025135163,1
0.04457563907,0.02049321495,-0.1747455895,-0.01268982794,1
0.04457563907,0.02234570868,-0.1829018742,-0.01579759456,1
0.04457563907,0.02419820242,-0.1867830604,-0.01461286191,1
0.04457563907,0.02605069801,-0.1858740449,-0.01114435494,1
0.04457563907,0.02790319175,-0.1848025769,-0.007372173015,1
0.04457563907,0.02975568548,-0.1857075691,-0.004120704252,1
0.04457563907,0.03160817921,-0.1895534694,-0.003174474696,1
0.04457563907,0.03346067294,-0.1944074184,-0.002744096564,1
0.04457563907,0.03531316668,-0.1961458176,-0.002607487375,1
0.04457563907,0.03716566041,-0.1929109395,-0.003860889236,1
0.04457563907,0.03901815414,-0.1841862947,-0.006057110149,1
0.04457563907,0.04087064788,-0.1758812815,-0.007682083175,1
0.04457563907,0.04272314161,-0.1690369546,-0.006153929047,1
0.04457563907,0.04457563907,-0.1560362726,-0.003564854851,1
0.04457563907,0.0464281328,-0.1223961264,-0.002358414931,1
0.04457563907,0.04828062654,-0.02954827249,0.0003592602443,1
0.04457563907,0.05013312027,-0.005511910189,0.001226417371,1
0.04457563907,0.051985614,NaN,NaN,0
0.04457563907,0.05383810773,NaN,NaN,0
0.0464281328,0.001968274824,NaN,NaN,0
0.0464281328,0.003820769023,-0.1993882954,0.004440035671,1
0.0464281328,0.005673262756,-0.1984346807,0.00588414399,1
0.0464281328,0.007525756955,-0.1956442744,0.005634133238,1
0.0464281328,0.009378250688,-0.189985171,0.004613904282,1
0.0464281328,0.01123074535,-0.1833600104,0.003317441791,1
0.0464281328,0.01308323909,-0.174401924,0.000746236823,1
0.0464281328,0.01493573282,-0.1658855379,-0.003860378638,1
0.0464281328,0.01678822748,-0.1609921157,-0.007789839525,1
0.0464281328,0.01864072122,-0.1622718424,-0.01131259557,1
0.0464281328,0.02049321495,-0.1705628037,-0.01647783071,1
0.0464281328,0.02234570868,-0.1824222356,-0.02017395198,1
0.0464281328,0.02419820242,-0.1890518069,-0.01806938648,1
0.0464281328,0.02605069801,-0.1888543963,-0.01319779269,1
0.0464281328,0.02790319175,-0.1876281947,-0.009382314049,1
0.0464281328,0.02975568548,-0.1862674654,-0.005514190998,1
0.0464281328,0.03160817921,-0.1865326762,-0.003962735645,1
0.0464281328,0.03346067294,-0.1880865842,-0.002414695686,1
0.0464281328,0.03531316668,-0.1885761619,-0.0007536963676,1
0.0464281328,0.03716566041,-0.187857151,-0.0005702642375,1
0.0464281328,0.03901815414,-0.1827038825,-0.001453526551,1
0.0464281328,0.04087064788,-0.1767479926,-0.002557325177,1
0.0464281328,0.04272314161,-0.1709613502,-0.001186110661,1
0.0464281328,0.04457563907,-0.1598417312,0.0002864729031,1
0.0464281328,0.0464281328,-0.1259054989,0.000350983697,1
0.0464281328,0.04828062654,-0.02644818649,0.0001362911571,1
0.0464281328,0.05013312027,-0.004616391845,0.0004701227008,2
0.0464281328,0.051985614,NaN,NaN,0
0.0464281328,0.05383810773,NaN,NaN,0
0.04828062654,0.001968274824,NaN,NaN,0
0.04828062654,0.003820769023,-0.1976555735,0.0010949875,1
0.04828062654,0.005673262756,-0.1972048432,0.004253480583,1
0.04828062654,0.007525756955,-0.1943247765,0.005879619624,1
0.04828062654,0.009378250688,-0.189685598,0.007150344085,1
0.04828062654,0.01123074535,-0.1841334105,0.007024355698,1
0.04828062654,0.01308323909,-0.174436599,0.005006359424,1
0.04828062654,0.01493573282,-0.1641468704,0.0007642300916,1
0.04828062654,0.01678822748,-0.1576379985,-0.004585043527,1
0.04828062654,0.01864072122,-0.1580952853,-0.01177162677,1
0.04828062654,0.02049321495,-0.1683999449,-0.01860847324,1
0.04828062654,0.02234570868,-0.1828126162,-0.02368989587,1
0.04828062654,0.02419820242,-0.1893314421,-0.02356113866,1
0.04828062654,0.02605069801,-0.1862106025,-0.01980931871,1
0.04828062654,0.02790319175,-0.1836690605,-0.01615008339,1
0.04828062654,0.02975568548,-0.1816546917,-0.01105870772,1
0.04828062654,0.03160817921,-0.1799136549,-0.007093688007,1
0.04828062654,0.03346067294,-0.1813403964,-0.003977359273,1
0.04828062654,0.03531316668,-0.1832653582,-0.001564103062,1
0.04828062654,0.03716566041,-0.1843975633,-0.0004046254035,1
0.04828062654,0.03901815414,-0.1823540777,0.0008855802589,1
0.04828062654,0.04087064788,-0.1764561832,0.002075336408,1
0.04828062654,0.04272314161,-0.1708446145,0.003590296255,1
0.04828062654,0.04457563907,-0.1609421223,0.002989476547,1
0.04828062654,0.0464281328,-0.1274470985,0.001646927092,1
0.04828062654,0.04828062654,-0.02618001588,0.0002069189359,1
0.04828062654,0.05013312027,-0.003729406279,3.714392369e-05,2
0.04828062654,0.051985614,NaN,NaN,0
0.04828062654,0.05383810773,NaN,NaN,0
0.05013312027,0.001968274824,NaN,NaN,0
0.05013312027,0.003820769023,-0.197916016,-0.005633428693,1
0.05013312027,0.005673262756,-0.1972458661,-0.002820894355,1
0.05013312027,0.007525756955,-0.1948363334,0.0004994595074,1
0.05013312027,0.009378250688,-0.1894618273,0.00559558114,1
0.05013312027,0.01123074535,-0.1828059703,0.008399363607,1
0.05013312027,0.01308323909,-0.1724793464,0.006390092429,1
0.05013312027,0.01493573282,-0.159670338,0.001313163899,1
0.05013312027,0.01678822748,-0.1524411738,-0.004917582497,1
0.05013312027,0.01864072122,-0.1542945802,-0.01213298738,1
0.05013312027,0.02049321495,-0.1664710492,-0.01914434507,1
0.05013312027,0.02234570868,-0.18254897,-0.02588441409,1
0.05013312027,0.02419820242,-0.1891719252,-0.02951482683,1
0.05013312027,0.02605069801,-0.1849753857,-0.02801240608,1
0.05013312027,0.02790319175,-0.1817541867,-0.02328747697,1
0.05013312027,0.02975568548,-0.1786811501,-0.01621472463,1
0.05013312027,0.03160817921,-0.1752637029,-0.01015141699,1
0.05013312027,0.03346067294,-0.1770569384,-0.007883718237,1
0.05013312027,0.03531316668,-0.1803020984,-0.007814368233,1
0.05013312027,0.03716566041,-0.1807934642,-0.006698124576,1
0.05013312027,0.03901815414,-0.1769228131,-0.003530069953,1
0.05013312027,0.04087064788,-0.170705691,0.0001430067059,1
0.05013312027,0.04272314161,-0.1661214828,0.002621462103,1
0.05013312027,0.04457563907,-0.1562219411,0.002288444201,1
0.05013312027,0.0464281328,-0.1228509098,0.001231828006,1
0.05013312027,0.04828062654,-0.02290888131,0.0003972220293,1
0.05013312027,0.05013312027,-0.00123736891,3.773166827e-05,2
0.05013312027,0.051985614,NaN,NaN,0
0.05013312027,0.05383810773,NaN,NaN,0
0.051985614,0.001968274824,NaN,NaN,0
0.051985614,0.003820769023,-0.198130399,-0.01344178896,1
0.051985614,0.005673262756,-0.1989905983,-0.01192752272,1
0.051985614,0.007525756955,-0.2002204061,-0.007892090827,1
0.051985614,0.009378250688,-0.1942617595,-0.001009997563,1
0.051985614,0.01123074535,-0.1842235029,0.003736603772,1
0.051985614,0.01308323909,-0.1690925211,0.002369870665,1
0.051985614,0.01493573282,-0.1538352966,-0.002711337758,1
0.051985614,0.01678822748,-0.1485970616,-0.008645821363,1
0.051985614,0.01864072122,-0.1522493213,-0.01285695378,1
0.051985614,0.02049321495,-0.1650357395,-0.01653441042,1
0.051985614,0.02234570868,-0.1830965877,-0.02137236483,1
0.051985614,0.02419820242,-0.1904646158,-0.02733753622,1
0.051985614,0.02605069801,-0.1880378723,-0.02712573111,1
0.051985614,0.02790319175,-0.1860857755,-0.02149588801,1
0.051985614,0.02975568548,-0.1828061342,-0.01611034758,1
0.051985614,0.03160817921,-0.1778981835,-0.01378112193,1
0.051985614,0.03346067294,-0.1759423763,-0.01524857711,1
0.051985614,0.03531316668,-0.1774141341,-0.01857309788,1
0.051985614,0.03716566041,-0.1771899015,-0.0186510738,1
0.051985614,0.03901815414,-0.1708649099,-0.01529046521,1
0.051985614,0.04087064788,-0.1634007841,-0.01062737964,1
0.051985614,0.04272314161,-0.1575734317,-0.006325678434,1
0.051985614,0.04457563907,-0.1471386403,-0.00333954324,1
0.051985614,0.0464281328,-0.1140569597,-0.001745821442,1
0.051985614,0.04828062654,-0.01940087602,-0.0003919753071,1
0.051985614,0.05013312027,0.001223256462,-0.0001411081321,2
0.051985614,0.051985614,NaN,NaN,0
0.051985614,0.05383810773,NaN,NaN,0
0.05383810773,0.001968274824,NaN,NaN,0
0.05383810773,0.003820769023,-0.1993676275,-0.01645762287,1
0.05383810773,0.005673262756,-0.2021888345,-0.01657024585,1
0.05383810773,0.007525756955,-0.2041177601,-0.01605715044,1
0.05383810773,0.009378250688,-0.1973915845,-0.01419878658,1
0.05383810773,0.01123074535,-0.1846828163,-0.01095316466,1
0.05383810773,0.01308323909,-0.166714102,-0.01016377006,1
0.05383810773,0.01493573282,-0.1516202986,-0.0114244651,1
0.05383810773,0.01678822748,-0.1476479471,-0.01257143915,1
0.05383810773,0.01864072122,-0.1514536589,-0.01118255034,1
0.05383810773,0.02049321495,-0.1647238135,-0.009470441379,1
0.05383810773,0.02234570868,-0.1843110174,-0.01005863119,1
0.05383810773,0.02419820242,-0.1936359555,-0.01445597503,1
0.05383810773,0.02605069801,-0.1934104711,-0.01522608753,1
0.05383810773,0.02790319175,-0.1926279664,-0.01297209132,1
0.05383810773,0.02975568548,-0.1904018819,-0.01548406854,1
0.05383810773,0.03160817921,-0.1855510473,-0.02074818686,1
0.05383810773,0.03346067294,-0.1773894131,-0.02427518182,1
0.05383810773,0.03531316668,-0.1735965014,-0.02771863155,1
0.05383810773,0.03716566041,-0.1729257852,-0.02961836196,1
0.05383810773,0.03901815414,-0.1673707515,-0.02726767026,1
0.05383810773,0.04087064788,-0.1594857424,-0.02183949202,1
0.05383810773,0.04272314161,-0.1517991722,-0.01606183685,1
0.05383810773,0.04457563907,-0.1387602538,-0.01111890282,1
0.05383810773,0.0464281328,-0.1052132621,-0.006038734224,1
0.05383810773,0.04828062654,-0.01857507415,-0.001824213308,1
0.05383810773,0.05013312027,0.001587676583,-0.0005402680836,1
0.05383810773,0.051985614,NaN,NaN,0
0.05383810773,0.05383810773,NaN,NaN,0
0.05569060147,0.001968274824,NaN,NaN,0
0.05569060147,0.003820769023,-0.2002399862,-0.01537799928,1
0.05569060147,0.005673262756,-0.2028630674,-0.01739858277,1
0.05569060147,0.007525756955,-0.2028856725,-0.02082984149,1
0.05569060147,0.009378250688,-0.1958727986,-0.02538940124,1
0.05569060147,0.01123074535,-0.1838592291,-0.02653354779,1
0.05569060147,0.01308323909,-0.16816625,-0.02365769446,1
0.05569060147,0.01493573282,-0.1555903703,-0.01942020468,1
0.05569060147,0.01678822748,-0.1516847461,-0.0135953743,1
0.05569060147,0.01864072122,-0.1538490802,-0.005836803466,1
0.05569060147,0.02049321495,-0.1646718383,-0.0004144803097,1
0.05569060147,0.02234570868,-0.1828413308,0.001137030195,1
0.05569060147,0.02419820242,-0.1949433088,-0.002202948323,1
0.05569060147,0.02605069801,-0.1948800236,-0.006376149599,1
0.05569060147,0.02790319175,-0.1947592348,-0.008241282776,1
0.05569060147,0.02975568548,-0.1957852095,-0.01323109586,1
0.05569060147,0.03160817921,-0.1920149475,-0.02152800187,1
0.05569060147,0.03346067294,-0.1812615246,-0.02671507187,1
0.05569060147,0.03531316668,-0.1729702502,-0.02952714264,1
0.05569060147,0.03716566041,-0.1692141443,-0.03171948716,1
0.05569060147,0.03901815414,-0.1651153266,-0.03073328361,1
0.05569060147,0.04087064788,-0.1591516435,-0.02636727691,1
0.05569060147,0.04272314161,-0.1515166014,-0.02004574239,1
0.05569060147,0.04457563907,-0.1375999302,-0.01333971042,1
0.05569060147,0.0464281328,-0.1070443541,-0.006690331269,1
0.05569060147,0.04828062654,-0.03156536818,-0.002786812605,1
0.05569060147,0.05013312027,-0.006785544101,-0.001078427536,2
0.05569060147,0.051985614,NaN,NaN,0
0.05569060147,0.05383810773,NaN,NaN,0
0.0575430952,0.001968274824,NaN,NaN,0
0.0575430952,0.003820769023,-0.1992212385,-0.01365463994,1
0.0575430952,0.005673262756,-0.2011030614,-0.01625744998,1
0.0575430952,0.007525756955,-0.1988197863,-0.02059336938,1
0.0575430952,0.009378250688,-0.1926769465,-0.0271652285,1
0.0575430952,0.01123074535,-0.1850643009,-0.03006297536,1
0.0575430952,0.01308323909,-0.175386548,-0.02679249085,1
0.0575430952,0.01493573282,-0.1654060185,-0.01958609,1
0.0575430952,0.01678822748,-0.1608257294,-0.01000616234,1
0.0575430952,0.01864072122,-0.1608855277,-0.0002536249522,1
0.0575430952,0.02049321495,-0.1675457507,0.005258347373,1
0.0575430952,0.02234570868,-0.1822289228,0.005681779236,1
0.0575430952,0.02419820242,-0.19402349,0.001129483222,1
0.0575430952,0.02605069801,-0.1942870319,-0.003256907687,1
0.0575430952,0.02790319175,-0.1951870918,-0.003965691663,1
0.0575430952,0.02975568548,-0.1992708147,-0.004234762397,1
0.0575430952,0.03160817921,-0.1956102848,-0.01039140578,1
0.0575430952,0.03346067294,-0.1820034832,-0.0191326756,1
0.0575430952,0.03531316668,-0.1717141569,-0.02467501909,1
0.0575430952,0.03716566041,-0.1682447493,-0.02826594375,1
0.0575430952,0.03901815414,-0.1666709632,-0.02828646451,1
0.0575430952,0.04087064788,-0.162961036,-0.02506367676,1
0.0575430952,0.04272314161,-0.1552224606,-0.01957217604,1
0.0575430952,0.04457563907,-0.1415242553,-0.01229757816,1
0.0575430952,0.0464281328,-0.1098927185,-0.005663129035,1
0.0575430952,0.04828062654,-0.03103077225,-0.001827516244,1
0.0575430952,0.05013312027,-0.007030177396,-0.0005812004674,1
0.0575430952,0.051985614,NaN,NaN,0
0.0575430952,0.05383810773,NaN,NaN,0
0.05939558893,0.001968274824,NaN,NaN,0
0.05939558893,0.003820769023,-0.1988558024,-0.0120107634,1
0.05939558893,0.005673262756,-0.1996351182,-0.0128129255,1
0.05939558893,0.007525756955,-0.1963441968,-0.01659302041,1
0.05939558893,0.009378250688,-0.1906317621,-0.02313103713,1
0.05939558893,0.01123074535,-0.1873086989,-0.02565500326,1
0.05939558893,0.01308323909,-0.1840117872,-0.02092689462,1
0.05939558893,0.01493573282,-0.1772238314,-0.01243580878,1
0.05939558893,0.01678822748,-0.1712832451,-0.003078569658,1
0.05939558893,0.01864072122,-0.1678383797,0.004480227362,1
0.05939558893,0.02049321495,-0.1703361273,0.00770982774,1
0.05939558893,0.02234570868,-0.1800223589,0.006439002231,1
0.05939558893,0.02419820242,-0.190329358,0.002083929023,1
0.05939558893,0.02605069801,-0.1939919293,-0.0008548779879,1
0.05939558893,0.02790319175,-0.1953306794,-0.0003699866938,1
0.05939558893,0.02975568548,-0.1985333115,-0.0001157965307,1
0.05939558893,0.03160817921,-0.1949515939,-0.005399900489,1
0.05939558893,0.03346067294,-0.1817685217,-0.01402913686,1
0.05939558893,0.03531316668,-0.1701387465,-0.02009071596,1
0.05939558893,0.03716566041,-0.1684947759,-0.02310223505,1
0.05939558893,0.03901815414,-0.1709541827,-0.02294773422,1
0.05939558893,0.04087064788,-0.1696055382,-0.02043787949,1
0.05939558893,0.04272314161,-0.1623907685,-0.01587503403,1
0.05939558893,0.04457563907,-0.1484869123,-0.01057401951,1
0.05939558893,0.0464281328,-0.1153982133,-0.005516190082,1
0.05939558893,0.04828062654,-0.04072061926,-0.001796265016,1
0.05939558893,0.05013312027,-0.009986406192,-0.0005695945583,1
0.05939558893,0.051985614,NaN,NaN,0
0.05939558893,0.05383810773,NaN,NaN,0
0.06124808267,0.001968274824,NaN,NaN,0
0.06124808267,0.003820769023,-0.1989964992,-0.009284121916,1
0.06124808267,0.005673262756,-0.1988505423,-0.009200866334,1
0.06124808267,0.007525756955,-0.1959973127,-0.01210291684,1
0.06124808267,0.009378250688,-0.1916483641,-0.01700289361,1
0.06124808267,0.01123074535,-0.1911954284,-0.01846329309,1
0.06124808267,0.01308323909,-0.1915208548,-0.01351685636,1
0.06124808267,0.01493573282,-0.1890036762,-0.004737133626,1
0.06124808267,0.01678822748,-0.1816341877,0.00324838399,1
0.06124808267,0.01864072122,-0.1719186902,0.00811546389,1
0.06124808267,0.02049321495,-0.1696636975,0.009126610123,1
0.06124808267,0.02234570868,-0.1750279963,0.007179412059,1
0.06124808267,0.02419820242,-0.1846326888,0.003333674744,1
0.06124808267,0.02605069801,-0.191865027,5.84477566e-05,1
0.06124808267,0.02790319175,-0.1931079626,-0.0004526205594,1
0.06124808267,0.02975568548,-0.1936258227,-0.002599732485,1
0.06124808267,0.03160817921,-0.1901338249,-0.009510274045,1
0.06124808267,0.03346067294,-0.1804635078,-0.01666568406,1
0.06124808267,0.03531316668,-0.1702854633,-0.0211693123,1
0.06124808267,0.03716566041,-0.1693695039,-0.02206716128,1
0.06124808267,0.03901815414,-0.1732163727,-0.01927613467,1
0.06124808267,0.04087064788,-0.175663799,-0.01510458719,1
0.06124808267,0.04272314161,-0.1715093851,-0.0107337879,1
0.06124808267,0.04457563907,-0.1572422236,-0.007791754324,1
0.06124808267,0.0464281328,-0.1234698519,-0.005500677042,1
0.06124808267,0.04828062654,-0.07052841038,-0.002986652777,1
0.06124808267,0.05013312027,-0.01601431519,-0.001816147123,1
0.06124808267,0.051985614,NaN,NaN,0
0.06124808267,0.05383810773,NaN,NaN,0
0.0631005764,0.001968274824,NaN,NaN,0
0.0631005764,0.003820769023,-0.1992326528,-0.006940089632,1
0.0631005764,0.005673262756,-0.1983122975,-0.006360339001,1
0.0631005764,0.007525756955,-0.1966368854,-0.008222642355,1
0.0631005764,0.009378250688,-0.1953500062,-0.009820599109,1
0.0631005764,0.01123074535,-0.1965526193,-0.009552646428,1
0.0631005764,0.01308323909,-0.1983425617,-0.005539543461,1
0.0631005764,0.01493573282,-0.1982289255,0.0008767149993,1
0.0631005764,0.01678822748,-0.1894604266,0.006179889664,1
0.0631005764,0.01864072122,-0.1760227829,0.01004204433,1
0.0631005764,0.02049321495,-0.169534564,0.01072704699,1
0.0631005764,0.02234570868,-0.1702977419,0.008809642866,1
0.0631005764,0.02419820242,-0.1768401414,0.004010180943,1
0.0631005764,0.02605069801,-0.1857121289,-0.001268318156,1
0.0631005764,0.02790319175,-0.1878866404,-0.004641583189,1
0.0631005764,0.02975568548,-0.1868022382,-0.009536750615,1
0.0631005764,0.03160817921,-0.1834218055,-0.01688502356,1
0.0631005764,0.03346067294,-0.1767433137,-0.02225660719,1
0.0631005764,0.03531316668,-0.1709056199,-0.02586645633,1
0.0631005764,0.03716566041,-0.1716320515,-0.02595498785,1
0.0631005764,0.03901815414,-0.1759535968,-0.02039090544,1
0.0631005764,0.04087064788,-0.1809328347,-0.01260116696,1
0.0631005764,0.04272314161,-0.1794428825,-0.007331522182,1
0.0631005764,0.04457563907,-0.1659691036,-0.005523880944,1
0.0631005764,0.0464281328,-0.1322360784,-0.006095546763,1
0.0631005764,0.04828062654,-0.0840902999,-0.003965701442,1
0.0631005764,0.05013312027,-0.009596579708,-0.002159182681,1
0.0631005764,0.051985614,NaN,NaN,0
0.0631005764,0.05383810773,NaN,NaN,0
0.06495307386,0.001968274824,NaN,NaN,0
0.06495307386,0.003820769023,-0.2004347444,-0.007475261576,1
0.06495307386,0.005673262756,-0.2000810951,-0.004915086553,1
0.06495307386,0.007525756955,-0.1996615529,-0.004395189695,1
0.06495307386,0.009378250688,-0.1998544931,-0.003658341011,1
0.06495307386,0.01123074535,-0.2008974999,-0.002174031688,1
0.06495307386,0.01308323909,-0.2026125938,0.001192088821,1
0.06495307386,0.01493573282,-0.2014362365,0.003937114496,1
0.06495307386,0.01678822748,-0.1923589706,0.005429067183,1
0.06495307386,0.01864072122,-0.1787815988,0.008911498822,1
0.06495307386,0.02049321495,-0.1707479954,0.0108878864,1
0.06495307386,0.02234570868,-0.1690912098,0.009332669899,1
0.06495307386,0.02419820242,-0.1717638075,0.003240351798,1
0.06495307386,0.02605069801,-0.1785482168,-0.005516783334,1
0.06495307386,0.02790319175,-0.1812324375,-0.01262024138,1
0.06495307386,0.02975568548,-0.1819535792,-0.01796785742,1
0.06495307386,0.03160817921,-0.1799132377,-0.02263556235,1
0.06495307386,0.03346067294,-0.1737791896,-0.02659765631,1
0.06495307386,0.03531316668,-0.1699807644,-0.03060110658,1
0.06495307386,0.03716566041,-0.1726795435,-0.03158320487,1
0.06495307386,0.03901815414,-0.1779436022,-0.02587454207,1
0.06495307386,0.04087064788,-0.181265384,-0.01601848565,1
0.06495307386,0.04272314161,-0.1784076691,-0.008584961295,1
0.06495307386,0.04457563907,-0.1649453193,-0.006411914714,1
0.06495307386,0.0464281328,-0.1379244775,-0.006893596146,1
0.06495307386,0.04828062654,-0.09556397051,-0.005039369687,1
0.06495307386,0.05013312027,-0.01185767539,-0.002558542648,1
0.06495307386,0.051985614,NaN,NaN,0
0.06495307386,0.05383810773,NaN,NaN,0
0.06680556387,0.001968274824,NaN,NaN,0
0.06680556387,0.003820769023,-0.200697571,-0.009345027618,1
0.06680556387,0.005673262756,-0.202504456,-0.004719146527,1
0.06680556387,0.007525756955,-0.2027388513,-0.002004587557,1
0.06680556387,0.009378250688,-0.202480346,-0.0004761251039,1
0.06680556387,0.01123074535,-0.2028689981,0.001225902,1
0.06680556387,0.01308323909,-0.2040386796,0.004107561894,1
0.06680556387,0.01493573282,-0.2012384981,0.003833006835,1
0.06680556387,0.01678822748,-0.1919997931,0.001684362185,1
0.06680556387,0.01864072122,-0.1802887917,0.003333108034,1
0.06680556387,0.02049321495,-0.1728291065,0.005251675379,1
0.06680556387,0.02234570868,-0.1699358374,0.003859824268,1
0.06680556387,0.02419820242,-0.1693685949,-0.002987558488,1
0.06680556387,0.02605069801,-0.1722798496,-0.01338145975,1
0.06680556387,0.02790319175,-0.1762779355,-0.02023498714,1
0.06680556387,0.02975568548,-0.182217285,-0.02175453305,1
0.06680556387,0.03160817921,-0.1823256314,-0.02246123366,1
0.06680556387,0.03346067294,-0.1735034734,-0.0271664951,1
0.06680556387,0.03531316668,-0.1691627502,-0.0325454995,1
0.06680556387,0.03716566041,-0.1710303575,-0.03451408818,1
0.06680556387,0.03901815414,-0.1752200723,-0.02953492478,1
0.06680556387,0.04087064788,-0.1754358858,-0.01954607852,1
0.06680556387,0.04272314161,-0.1692279875,-0.01173540577,1
0.06680556387,0.04457563907,-0.1565088034,-0.008511452004,1
0.06680556387,0.0464281328,-0.1337068379,-0.006437037606,1
0.06680556387,0.04828062654,-0.08888243884,-0.004176973365,1
0.06680556387,0.05013312027,-0.01486846711,-0.002047781833,1
0.06680556387,0.051985614,NaN,NaN,0
0.06680556387,0.05383810773,NaN,NaN,0
0.06865806133,0.001968274824,NaN,NaN,0
0.06865806133,0.003820769023,-0.1994826794,-0.009332456626,1
0.06865806133,0.005673262756,-0.201744929,-0.00511599239,1
0.06865806133,0.007525756955,-0.2030061334,-0.00272505451,1
0.06865806133,0.009378250688,-0.2036097497,-0.002320889849,1
0.06865806133,0.01123074535,-0.2042931765,-0.0009671626613,1
0.06865806133,0.01308323909,-0.2050228417,0.001300684293,1
0.06865806133,0.01493573282,-0.2004060447,-0.0008695814176,1
0.06865806133,0.01678822748,-0.1904708743,-0.004103383981,1
0.06865806133,0.01864072122,-0.1804571599,-0.004272946157,1
0.06865806133,0.02049321495,-0.1726849824,-0.003908534069,1
0.06865806133,0.02234570868,-0.1676437259,-0.006060193758,1
0.06865806133,0.02419820242,-0.1654509753,-0.01293282304,1
0.06865806133,0.02605069801,-0.1691472381,-0.01993536577,1
0.06865806133,0.02790319175,-0.1772518605,-0.02152403072,1
0.06865806133,0.02975568548,-0.1865751594,-0.01840846241,1
0.06865806133,0.03160817921,-0.1857568771,-0.01859958097,1
0.06865806133,0.03346067294,-0.1737029701,-0.02505749464,1
0.06865806133,0.03531316668,-0.1683769524,-0.03180808574,1
0.06865806133,0.03716566041,-0.1688333303,-0.03488183767,1
0.06865806133,0.03901815414,-0.170884937,-0.03130244091,1
0.06865806133,0.04087064788,-0.1691248864,-0.02252780646,1
0.06865806133,0.04272314161,-0.1613025218,-0.01499689557,1
0.06865806133,0.04457563907,-0.1483219564,-0.01052844059,1
0.06865806133,0.0464281328,-0.1158210412,-0.005817970727,1
0.06865806133,0.04828062654,-0.03599621728,-0.001474002027,1
0.06865806133,0.05013312027,-0.001006260747,-0.0006514771958,1
0.06865806133,0.051985614,NaN,NaN,0
0.06865806133,0.05383810773,NaN,NaN,0
0.07051055133,0.001968274824,NaN,NaN,0
0.07051055133,0.003820769023,-0.197841391,-0.009502910078,1
0.07051055133,0.005673262756,-0.1986548603,-0.007040106226,1
0.07051055133,0.007525756955,-0.2021765113,-0.006105600391,1
0.07051055133,0.009378250688,-0.2063120902,-0.007893577218,1
0.07051055133,0.01123074535,-0.2081782818,-0.00778435031,1
0.07051055133,0.01308323909,-0.2065773308,-0.005817537196,1
0.07051055133,0.01493573282,-0.2002568096,-0.006932569668,1
0.07051055133,0.01678822748,-0.1905274689,-0.008064130321,1
0.07051055133,0.01864072122,-0.179924652,-0.008211860433,1
0.07051055133,0.02049321495,-0.1699881703,-0.00943721924,1
0.07051055133,0.02234570868,-0.1649496108,-0.01327565406,1
0.07051055133,0.02419820242,-0.1658477783,-0.01982226409,1
0.07051055133,0.02605069801,-0.1729181409,-0.02306016907,1
0.07051055133,0.02790319175,-0.1827263683,-0.02100366727,1
0.07051055133,0.02975568548,-0.188836664,-0.01692843996,1
0.07051055133,0.03160817921,-0.1846206039,-0.01791793481,1
0.07051055133,0.03346067294,-0.1719382405,-0.02478825301,1
0.07051055133,0.03531316668,-0.1658328176,-0.03081462532,1
0.07051055133,0.03716566041,-0.1649087518,-0.03465034813,1
0.07051055133,0.03901815414,-0.164771542,-0.03432109207,1
0.07051055133,0.04087064788,-0.1640322953,-0.02880644053,1
0.07051055133,0.04272314161,-0.1598401666,-0.02055745386,1
0.07051055133,0.04457563907,-0.1473039836,-0.013114159,1
0.07051055133,0.0464281328,-0.1094014272,-0.007411934901,1
0.07051055133,0.04828062654,-0.02096851356,-0.002426279243,1
0.07051055133,0.05013312027,0.001860856195,-0.001336668036,1
0.07051055133,0.051985614,NaN,NaN,0
0.07051055133,0.05383810773,NaN,NaN,0
0.07236304879,0.001968274824,NaN,NaN,0
0.07236304879,0.003820769023,-0.1976158321,-0.01070125494,1
0.07236304879,0.005673262756,-0.1981737614,-0.009728147648,1
0.07236304879,0.007525756955,-0.2020577043,-0.009871481918,1
0.07236304879,0.009378250688,-0.2072772831,-0.01291782502,1
0.07236304879,0.01123074535,-0.2094528079,-0.01237217896,1
0.07236304879,0.01308323909,-0.2066949904,-0.009336391464,1
0.07236304879,0.01493573282,-0.2018346041,-0.009025938809,1
0.07236304879,0.01678822748,-0.1942446083,-0.008111177012,1
0.07236304879,0.01864072122,-0.182241872,-0.007770135533,1
0.07236304879,0.02049321495,-0.1693687141,-0.01091358624,1
0.07236304879,0.02234570868,-0.1644000411,-0.01720676571,1
0.07236304879,0.02419820242,-0.1699776947,-0.02312901616,1
0.07236304879,0.02605069801,-0.1806378812,-0.02233450115,1
0.07236304879,0.02790319175,-0.1885648221,-0.01865348034,1
0.07236304879,0.02975568548,-0.1892139167,-0.01781982556,1
0.07236304879,0.03160817921,-0.179779768,-0.02291264012,1
0.07236304879,0.03346067294,-0.1670376509,-0.02905827761,1
0.07236304879,0.03531316668,-0.1594994813,-0.03177964315,1
0.07236304879,0.03716566041,-0.1576249301,-0.0347017087,1
0.07236304879,0.03901815414,-0.155694142,-0.03715790808,1
0.07236304879,0.04087064788,-0.158789888,-0.03500986472,1
0.07236304879,0.04272314161,-0.1622443795,-0.0276036486,1
0.07236304879,0.04457563907,-0.1516052634,-0.01929053478,1
0.07236304879,0.0464281328,-0.1109520346,-0.01146421302,1
0.07236304879,0.04828062654,-0.02062186971,-0.004468092695,1
0.07236304879,0.05013312027,0.0006946477224,-0.002313604811,2
0.07236304879,0.051985614,NaN,NaN,0
0.07236304879,0.05383810773,NaN,NaN,0
