PIVlab, ASCII chart output - 08-Oct-2024
FRAME: 225, filenames: A: Basler_acA640-750um__24761715__20241004_145722425_0448.bmp & B: Basler_acA640-750um__24761715__20241004_145722425_0449.bmp, conversion factor xy (px -> m): 0.00011578, conversion factor uv (px/frame -> m/s): 0.034769
x [m],y [m],u [m/s],v [m/s],Vector type [-]
0.001968274824,0.001968274824,NaN,NaN,0
0.001968274824,0.003820769023,-0.1840755939,0.005587149877,1
0.001968274824,0.005673262756,-0.180099383,0.00630002562,1
0.001968274824,0.007525756955,-0.1821785122,0.004211134277,1
0.001968274824,0.009378250688,-0.1868938655,-0.0005787004484,1
0.001968274824,0.01123074535,-0.1904221177,-0.005109093618,1
0.001968274824,0.01308323909,-0.1932680309,-0.006116416771,1
0.001968274824,0.01493573282,-0.1918423325,-0.005934596527,1
0.001968274824,0.01678822748,-0.1889948398,-0.008375886828,1
0.001968274824,0.01864072122,-0.1910791397,-0.01079857908,1
0.001968274824,0.02049321495,-0.1930703372,-0.0134966271,1
0.001968274824,0.02234570868,-0.1887346208,-0.01373861637,1
0.001968274824,0.02419820242,-0.1803437918,-0.01261099335,1
0.001968274824,0.02605069801,-0.1770562232,-0.01247830037,1
0.001968274824,0.02790319175,-0.1799991429,-0.01682434604,1
0.001968274824,0.02975568548,-0.1827837378,-0.02354018204,1
0.001968274824,0.03160817921,-0.1821677536,-0.02673763409,1
0.001968274824,0.03346067294,-0.1793706417,-0.02511054836,1
0.001968274824,0.03531316668,-0.1781882644,-0.02110665292,1
0.001968274824,0.03716566041,-0.172859475,-0.01483388059,1
0.001968274824,0.03901815414,-0.1669339389,-0.008446021006,1
0.001968274824,0.04087064788,-0.1675875485,-0.003693106817,1
0.001968274824,0.04272314161,-0.1703258604,-0.001907514641,1
0.001968274824,0.04457563907,-0.1597101539,-0.005013220944,1
0.001968274824,0.0464281328,-0.1257238835,-0.01309351996,1
0.001968274824,0.04828062654,-0.07720110565,-0.01028888021,1
0.001968274824,0.05013312027,-0.03232868016,-0.003845424857,1
0.001968274824,0.051985614,NaN,NaN,0
0.001968274824,0.05383810773,NaN,NaN,0
0.003820769023,0.001968274824,NaN,NaN,0
0.003820769023,0.003820769023,-0.1862306297,0.001809206558,1
0.003820769023,0.005673262756,-0.1846101135,0.0008558798581,1
0.003820769023,0.007525756955,-0.1857200414,0.0003508498776,1
0.003820769023,0.009378250688,-0.1877631992,-0.001062946045,1
0.003820769023,0.01123074535,-0.1883387864,-0.002654414391,1
0.003820769023,0.01308323909,-0.1886711419,-0.004004282411,1
0.003820769023,0.01493573282,-0.1858571023,-0.006899261381,1
0.003820769023,0.01678822748,-0.1836294085,-0.01059367415,1
0.003820769023,0.01864072122,-0.186519444,-0.01366094593,1
0.003820769023,0.02049321495,-0.1906070411,-0.01825466938,1
0.003820769023,0.02234570868,-0.1910061687,-0.0209731143,1
0.003820769023,0.02419820242,-0.1845266819,-0.01914733648,1
0.003820769023,0.02605069801,-0.1799420118,-0.01721970737,1
0.003820769023,0.02790319175,-0.1788185239,-0.01906112209,1
0.003820769023,0.02975568548,-0.1799271405,-0.02452603541,1
0.003820769023,0.03160817921,-0.181691587,-0.0284871906,1
0.003820769023,0.03346067294,-0.1805261821,-0.02858933248,1
0.003820769023,0.03531316668,-0.1779827178,-0.02600454167,1
0.003820769023,0.03716566041,-0.1733144373,-0.01959145442,1
0.003820769023,0.03901815414,-0.1692385226,-0.01291788835,1
0.003820769023,0.04087064788,-0.1687586159,-0.006612346973,1
0.003820769023,0.04272314161,-0.1693539023,-0.002739499323,1
0.003820769023,0.04457563907,-0.1576114893,-0.003137162887,1
0.003820769023,0.0464281328,-0.1166638732,-0.008719280362,1
0.003820769023,0.04828062654,-0.04330562428,-0.005378794856,1
0.003820769023,0.05013312027,-0.003557170043,-0.003239894286,1
0.003820769023,0.051985614,NaN,NaN,0
0.003820769023,0.05383810773,NaN,NaN,0
0.005673262756,0.001968274824,NaN,NaN,0
0.005673262756,0.003820769023,-0.1874324381,-0.001572976471,1
0.005673262756,0.005673262756,-0.1872543544,-0.003428661497,1
0.005673262756,0.007525756955,-0.1885333955,-0.002347692614,1
0.005673262756,0.009378250688,-0.1899579465,-0.0005921659758,1
0.005673262756,0.01123074535,-0.1887236685,-0.0006906716735,1
0.005673262756,0.01308323909,-0.184676677,-0.003664309625,1
0.005673262756,0.01493573282,-0.1818265319,-0.00802123826,1
0.005673262756,0.01678822748,-0.1815966815,-0.01169235259,1
0.005673262756,0.01864072122,-0.1838557571,-0.01382308919,1
0.005673262756,0.02049321495,-0.1887166053,-0.01864410006,1
0.005673262756,0.02234570868,-0.1925726235,-0.02329310216,1
0.005673262756,0.02419820242,-0.1898123175,-0.02452013269,1
0.005673262756,0.02605069801,-0.1857500225,-0.02355888672,1
0.005673262756,0.02790319175,-0.1821219772,-0.0230350364,1
0.005673262756,0.02975568548,-0.1805226803,-0.02530481108,1
0.005673262756,0.03160817921,-0.1818387359,-0.02781445719,1
0.005673262756,0.03346067294,-0.1803859025,-0.02863208763,1
0.005673262756,0.03531316668,-0.1768588722,-0.0270636864,1
0.005673262756,0.03716566041,-0.1737051159,-0.02153726667,1
0.005673262756,0.03901815414,-0.1714150161,-0.01589811035,1
0.005673262756,0.04087064788,-0.1705599278,-0.01013549231,1
0.005673262756,0.04272314161,-0.1700858027,-0.005986040924,1
0.005673262756,0.04457563907,-0.1593047529,-0.004406959284,1
0.005673262756,0.0464281328,-0.1229197234,-0.006623925176,1
0.005673262756,0.04828062654,-0.0673899129,-0.00394634949,1
0.005673262756,0.05013312027,-0.007264336105,-0.002892642049,1
0.005673262756,0.051985614,NaN,NaN,0
0.005673262756,0.05383810773,NaN,NaN,0
0.007525756955,0.001968274824,NaN,NaN,0
0.007525756955,0.003820769023,-0.1857742518,-0.003630597843,1
0.007525756955,0.005673262756,-0.1856188327,-0.00649489183,1
0.007525756955,0.007525756955,-0.1879235506,-0.005256235134,1
0.007525756955,0.009378250688,-0.1900347173,-0.001734816236,1
0.007525756955,0.01123074535,-0.1884931475,-0.0008579312125,1
0.007525756955,0.01308323909,-0.1809573025,-0.003388467478,1
0.007525756955,0.01493573282,-0.1789011806,-0.00671706954,1
0.007525756955,0.01678822748,-0.1812636256,-0.009501782246,1
0.007525756955,0.01864072122,-0.1822995991,-0.01164826751,1
0.007525756955,0.02049321495,-0.1856447905,-0.0172582902,1
0.007525756955,0.02234570868,-0.1898671538,-0.02291220054,1
0.007525756955,0.02419820242,-0.1910962611,-0.02677995712,1
0.007525756955,0.02605069801,-0.1898441762,-0.02788626961,1
0.007525756955,0.02790319175,-0.1869624257,-0.02665086836,1
0.007525756955,0.02975568548,-0.1843874305,-0.02523962967,1
0.007525756955,0.03160817921,-0.1829414815,-0.02399691753,1
0.007525756955,0.03346067294,-0.1795289218,-0.02531394549,1
0.007525756955,0.03531316668,-0.175701037,-0.02510225959,1
0.007525756955,0.03716566041,-0.174931854,-0.02172597311,1
0.007525756955,0.03901815414,-0.1754689962,-0.01693415456,1
0.007525756955,0.04087064788,-0.175524503,-0.01242941432,1
0.007525756955,0.04272314161,-0.1735635996,-0.009829065762,1
0.007525756955,0.04457563907,-0.1621394902,-0.008542166092,1
0.007525756955,0.0464281328,-0.1278007627,-0.007879766636,1
0.007525756955,0.04828062654,-0.0737599805,-0.00420100987,1
0.007525756955,0.05013312027,-0.0206637308,-0.002566430252,2
0.007525756955,0.051985614,NaN,NaN,0
0.007525756955,0.05383810773,NaN,NaN,0
0.009378250688,0.001968274824,NaN,NaN,0
0.009378250688,0.003820769023,-0.1855436713,-0.003555308329,1
0.009378250688,0.005673262756,-0.1855283529,-0.005804708228,1
0.009378250688,0.007525756955,-0.1878785044,-0.005571383983,1
0.009378250688,0.009378250688,-0.1884128302,-0.004420910031,1
0.009378250688,0.01123074535,-0.1850862354,-0.003971783444,1
0.009378250688,0.01308323909,-0.1785218567,-0.003693179227,1
0.009378250688,0.01493573282,-0.1782937646,-0.005555523559,1
0.009378250688,0.01678822748,-0.183124274,-0.008541536517,1
0.009378250688,0.01864072122,-0.1832366437,-0.01109861396,1
0.009378250688,0.02049321495,-0.1839300394,-0.01562930644,1
0.009378250688,0.02234570868,-0.1869529337,-0.02056086808,1
0.009378250688,0.02419820242,-0.1907386035,-0.02588214725,1
0.009378250688,0.02605069801,-0.1922283769,-0.0287885461,1
0.009378250688,0.02790319175,-0.1911907643,-0.02826197445,1
0.009378250688,0.02975568548,-0.1891248971,-0.02465754002,1
0.009378250688,0.03160817921,-0.1850827336,-0.02132158354,1
0.009378250688,0.03346067294,-0.179356426,-0.02295097709,1
0.009378250688,0.03531316668,-0.1755887121,-0.02364498377,1
0.009378250688,0.03716566041,-0.1766918153,-0.02074772678,1
0.009378250688,0.03901815414,-0.1803279519,-0.01546242181,1
0.009378250688,0.04087064788,-0.1822821498,-0.01164522301,1
0.009378250688,0.04272314161,-0.1796404123,-0.01166011207,1
0.009378250688,0.04457563907,-0.1695035696,-0.01230291836,1
0.009378250688,0.0464281328,-0.1343719512,-0.01016726717,1
0.009378250688,0.04828062654,-0.05062071607,-0.004181684926,1
0.009378250688,0.05013312027,-0.01083226316,-0.001839646371,1
0.009378250688,0.051985614,NaN,NaN,0
0.009378250688,0.05383810773,NaN,NaN,0
0.01123074535,0.001968274824,NaN,NaN,0
0.01123074535,0.003820769023,-0.1873517036,-0.003063672688,1
0.01123074535,0.005673262756,-0.1878203005,-0.003477537539,1
0.01123074535,0.007525756955,-0.1895210296,-0.00424030656,1
0.01123074535,0.009378250688,-0.1883496046,-0.00464003114,1
0.01123074535,0.01123074535,-0.1840874851,-0.004360138904,1
0.01123074535,0.01308323909,-0.1789846867,-0.002921971492,1
0.01123074535,0.01493573282,-0.1791523695,-0.003809595713,1
0.01123074535,0.01678822748,-0.185618639,-0.007794501726,1
0.01123074535,0.01864072122,-0.1849766672,-0.01074048411,1
0.01123074535,0.02049321495,-0.1834810972,-0.01381605584,1
0.01123074535,0.02234570868,-0.1858733445,-0.01691459492,1
0.01123074535,0.02419820242,-0.1917804182,-0.02213680558,1
0.01123074535,0.02605069801,-0.1948365271,-0.02523231134,1
0.01123074535,0.02790319175,-0.1951229423,-0.0251526963,1
0.01123074535,0.02975568548,-0.1935851723,-0.02179533616,1
0.01123074535,0.03160817921,-0.1870062202,-0.01968890801,1
0.01123074535,0.03346067294,-0.1800392866,-0.02126525342,1
0.01123074535,0.03531316668,-0.1763609052,-0.02211047709,1
0.01123074535,0.03716566041,-0.1769722849,-0.0187114682,1
0.01123074535,0.03901815414,-0.1802706867,-0.01386810374,1
0.01123074535,0.04087064788,-0.1832358539,-0.01094789151,1
0.01123074535,0.04272314161,-0.1813469231,-0.0125830099,1
0.01123074535,0.04457563907,-0.172906518,-0.01380856056,1
0.01123074535,0.0464281328,-0.1437072903,-0.01132222172,1
0.01123074535,0.04828062654,-0.07009001076,-0.004635670222,1
0.01123074535,0.05013312027,-0.02294972725,-0.002037908649,2
0.01123074535,0.051985614,NaN,NaN,0
0.01123074535,0.05383810773,NaN,NaN,0
0.01308323909,0.001968274824,NaN,NaN,0
0.01308323909,0.003820769023,-0.1900599152,-0.003834225005,1
0.01308323909,0.005673262756,-0.1901917309,-0.004043953493,1
0.01308323909,0.007525756955,-0.1911893785,-0.004102975596,1
0.01308323909,0.009378250688,-0.1896538287,-0.00288911094,1
0.01308323909,0.01123074535,-0.1861567795,-0.002148507861,1
0.01308323909,0.01308323909,-0.1819646508,-0.001510440023,1
0.01308323909,0.01493573282,-0.1811223179,-0.001920555136,1
0.01308323909,0.01678822748,-0.1853332072,-0.006126780994,1
0.01308323909,0.01864072122,-0.1839138567,-0.01012101769,1
0.01308323909,0.02049321495,-0.1830968857,-0.01242874376,1
0.01308323909,0.02234570868,-0.186929062,-0.01381333172,1
0.01308323909,0.02419820242,-0.1918678135,-0.01842840575,1
0.01308323909,0.02605069801,-0.1947212815,-0.02010784671,1
0.01308323909,0.02790319175,-0.1952193081,-0.01870003529,1
0.01308323909,0.02975568548,-0.1935815364,-0.01695413515,1
0.01308323909,0.03160817921,-0.1872448027,-0.01684333012,1
0.01308323909,0.03346067294,-0.1812777668,-0.01848781109,1
0.01308323909,0.03531316668,-0.1773720235,-0.01855047606,1
0.01308323909,0.03716566041,-0.1749820113,-0.01536325086,1
0.01308323909,0.03901815414,-0.175283134,-0.01200207882,1
0.01308323909,0.04087064788,-0.1781846285,-0.01047488954,1
0.01308323909,0.04272314161,-0.1797251999,-0.01231447421,1
0.01308323909,0.04457563907,-0.1744261384,-0.01287703309,1
0.01308323909,0.0464281328,-0.145836398,-0.009930082597,1
0.01308323909,0.04828062654,-0.06383448839,-0.003348179394,1
0.01308323909,0.05013312027,-0.01542615052,-0.001454423182,1
0.01308323909,0.051985614,NaN,NaN,0
0.01308323909,0.05383810773,NaN,NaN,0
0.01493573282,0.001968274824,NaN,NaN,0
0.01493573282,0.003820769023,-0.1932263225,-0.005969500635,1
0.01493573282,0.005673262756,-0.1923645735,-0.007200096268,1
0.01493573282,0.007525756955,-0.1922819167,-0.006341428496,1
0.01493573282,0.009378250688,-0.1917551309,-0.003944844939,1
0.01493573282,0.01123074535,-0.1899689585,-0.002551886952,1
0.01493573282,0.01308323909,-0.1870362461,-0.001910106163,1
0.01493573282,0.01493573282,-0.1852715313,-0.001426622737,1
0.01493573282,0.01678822748,-0.1839439273,-0.005098700989,1
0.01493573282,0.01864072122,-0.1797215343,-0.009608123451,1
0.01493573282,0.02049321495,-0.1813944727,-0.01109413058,1
0.01493573282,0.02234570868,-0.1899034977,-0.01057733316,1
0.01493573282,0.02419820242,-0.1940820515,-0.01351254806,1
0.01493573282,0.02605069801,-0.1954350471,-0.01556104422,1
0.01493573282,0.02790319175,-0.1952479631,-0.01533813123,1
0.01493573282,0.02975568548,-0.1891630292,-0.01639516838,1
0.01493573282,0.03160817921,-0.1838929653,-0.0157606639,1
0.01493573282,0.03346067294,-0.180946961,-0.01605683193,1
0.01493573282,0.03531316668,-0.1771108359,-0.01553326193,1
0.01493573282,0.03716566041,-0.172299847,-0.01284291502,1
0.01493573282,0.03901815414,-0.1702858955,-0.009847935289,1
0.01493573282,0.04087064788,-0.1731349528,-0.00892460905,1
0.01493573282,0.04272314161,-0.1787326187,-0.01088835392,1
0.01493573282,0.04457563907,-0.1770355552,-0.01074884273,1
0.01493573282,0.0464281328,-0.1440928578,-0.007328691427,1
0.01493573282,0.04828062654,-0.03791217506,-0.001933962223,1
0.01493573282,0.05013312027,0.00200030487,-0.0008076307131,1
0.01493573282,0.051985614,NaN,NaN,0
0.01493573282,0.05383810773,NaN,NaN,0
0.01678822748,0.001968274824,NaN,NaN,0
0.01678822748,0.003820769023,-0.1952642947,-0.006843558978,1
0.01678822748,0.005673262756,-0.1945882142,-0.006863609888,1
0.01678822748,0.007525756955,-0.1941745728,-0.005234140903,1
0.01678822748,0.009378250688,-0.1943566948,-0.004084370099,1
0.01678822748,0.01123074535,-0.1930636168,-0.003407792887,1
0.01678822748,0.01308323909,-0.1895927638,-0.003125100862,1
0.01678822748,0.01493573282,-0.186109677,-0.003768835915,1
0.01678822748,0.01678822748,-0.1813930869,-0.006983655039,1
0.01678822748,0.01864072122,-0.1764929146,-0.01087262668,1
0.01678822748,0.02049321495,-0.1821734756,-0.01187504642,1
0.01678822748,0.02234570868,-0.1953352541,-0.00977832824,1
0.01678822748,0.02419820242,-0.1985478997,-0.009372472763,1
0.01678822748,0.02605069801,-0.1971981078,-0.01200463716,1
0.01678822748,0.02790319175,-0.1941003352,-0.01618826762,1
0.01678822748,0.02975568548,-0.1861511916,-0.01964312606,1
0.01678822748,0.03160817921,-0.1817067564,-0.01805609651,1
0.01678822748,0.03346067294,-0.1807313561,-0.0147699248,1
0.01678822748,0.03531316668,-0.177205056,-0.01312823314,1
0.01678822748,0.03716566041,-0.1707202494,-0.01218385249,1
0.01678822748,0.03901815414,-0.1674792022,-0.01067950297,1
0.01678822748,0.04087064788,-0.1705706418,-0.009417174384,1
0.01678822748,0.04272314161,-0.1784855127,-0.009505043738,1
0.01678822748,0.04457563907,-0.1797975302,-0.008396097459,1
0.01678822748,0.0464281328,-0.1501454115,-0.005373572465,1
0.01678822748,0.04828062654,-0.04515849054,-0.001893976005,2
0.01678822748,0.05013312027,0.00370801636,-0.0009360085241,1
0.01678822748,0.051985614,NaN,NaN,0
0.01678822748,0.05383810773,NaN,NaN,0
0.01864072122,0.001968274824,NaN,NaN,0
0.01864072122,0.003820769023,-0.1959071159,-0.006948485039,1
0.01864072122,0.005673262756,-0.1967801303,-0.005680250935,1
0.01864072122,0.007525756955,-0.1960474998,-0.003885046113,1
0.01864072122,0.009378250688,-0.1951417178,-0.003316623857,1
0.01864072122,0.01123074535,-0.1940225065,-0.00333396066,1
0.01864072122,0.01308323909,-0.1899406314,-0.00388066913,1
0.01864072122,0.01493573282,-0.1834988594,-0.005851788912,1
0.01864072122,0.01678822748,-0.1773774475,-0.01001253631,1
0.01864072122,0.01864072122,-0.1778608263,-0.01450789627,1
0.01864072122,0.02049321495,-0.1897704452,-0.01620456949,1
0.01864072122,0.02234570868,-0.2023214698,-0.01606729627,1
0.01864072122,0.02419820242,-0.2008943409,-0.01468795165,1
0.01864072122,0.02605069801,-0.1946307421,-0.01798755489,1
0.01864072122,0.02790319175,-0.189281866,-0.02100779302,1
0.01864072122,0.02975568548,-0.1837649941,-0.0218163114,1
0.01864072122,0.03160817921,-0.1814914048,-0.01932976767,1
0.01864072122,0.03346067294,-0.181548804,-0.01489499025,1
0.01864072122,0.03531316668,-0.1778276414,-0.0132606402,1
0.01864072122,0.03716566041,-0.1704433411,-0.01390454546,1
0.01864072122,0.03901815414,-0.1669785231,-0.01397513039,1
0.01864072122,0.04087064788,-0.1703972369,-0.01209780853,1
0.01864072122,0.04272314161,-0.1775270998,-0.009036503732,1
0.01864072122,0.04457563907,-0.1771836281,-0.0070530558,1
0.01864072122,0.0464281328,-0.1466311812,-0.004899338819,1
0.01864072122,0.04828062654,-0.0432969816,-0.002018930623,1
0.01864072122,0.05013312027,0.0008434843039,-0.001108878409,1
0.01864072122,0.051985614,NaN,NaN,0
0.01864072122,0.05383810773,NaN,NaN,0
0.02049321495,0.001968274824,NaN,NaN,0
0.02049321495,0.003820769023,-0.1975594312,-0.008218938485,1
0.02049321495,0.005673262756,-0.1995667368,-0.006119831931,1
0.02049321495,0.007525756955,-0.1973352134,-0.004580718931,1
0.02049321495,0.009378250688,-0.1948065162,-0.003586346749,1
0.02049321495,0.01123074535,-0.1929801702,-0.002851314377,1
0.02049321495,0.01308323909,-0.1891982704,-0.00348580908,1
0.02049321495,0.01493573282,-0.1802209169,-0.006509520113,1
0.02049321495,0.01678822748,-0.172934562,-0.01230539382,1
0.02049321495,0.01864072122,-0.1785155386,-0.01818973944,1
0.02049321495,0.02049321495,-0.1891382933,-0.02031090856,1
0.02049321495,0.02234570868,-0.1959909946,-0.02083544806,1
0.02049321495,0.02419820242,-0.1936521232,-0.02276274003,1
0.02049321495,0.02605069801,-0.1879615337,-0.02472593635,1
0.02049321495,0.02790319175,-0.1841690838,-0.02283180878,1
0.02049321495,0.02975568548,-0.18145293,-0.02004102059,1
0.02049321495,0.03160817921,-0.1811337322,-0.01900172047,1
0.02049321495,0.03346067294,-0.1823446006,-0.01844047382,1
0.02049321495,0.03531316668,-0.1792299747,-0.01875762641,1
0.02049321495,0.03716566041,-0.1731072515,-0.01904147863,1
0.02049321495,0.03901815414,-0.1713888496,-0.01822810248,1
0.02049321495,0.04087064788,-0.1760741472,-0.01681767404,1
0.02049321495,0.04272314161,-0.1813314259,-0.01288076956,1
0.02049321495,0.04457563907,-0.1764652878,-0.009161186405,1
0.02049321495,0.0464281328,-0.1476155967,-0.006414130796,1
0.02049321495,0.04828062654,-0.07777258754,-0.003759336658,1
0.02049321495,0.05013312027,-0.007290595677,-0.001674928702,1
0.02049321495,0.051985614,NaN,NaN,0
0.02049321495,0.05383810773,NaN,NaN,0
0.02234570868,0.001968274824,NaN,NaN,0
0.02234570868,0.003820769023,-0.1996539235,-0.009503739886,1
0.02234570868,0.005673262756,-0.2012239099,-0.006675765384,1
0.02234570868,0.007525756955,-0.1971421093,-0.004838317167,1
0.02234570868,0.009378250688,-0.1937980652,-0.003232358024,1
0.02234570868,0.01123074535,-0.1916817427,-0.001546110725,1
0.02234570868,0.01308323909,-0.1882067323,-0.002047102666,1
0.02234570868,0.01493573282,-0.1799890995,-0.007157737855,1
0.02234570868,0.01678822748,-0.172578603,-0.0154316863,1
0.02234570868,0.01864072122,-0.1766784191,-0.02252163552,1
0.02234570868,0.02049321495,-0.1819818616,-0.02460923977,1
0.02234570868,0.02234570868,-0.1848380268,-0.02362627722,1
0.02234570868,0.02419820242,-0.1849059612,-0.02548309043,1
0.02234570868,0.02605069801,-0.1826601923,-0.02637144923,1
0.02234570868,0.02790319175,-0.1812164783,-0.02405892685,1
0.02234570868,0.02975568548,-0.1803893745,-0.02234300412,1
0.02234570868,0.03160817921,-0.1813946366,-0.02254740149,1
0.02234570868,0.03346067294,-0.184580639,-0.0239609275,1
0.02234570868,0.03531316668,-0.1831076145,-0.024951078,1
0.02234570868,0.03716566041,-0.1801247001,-0.02411211655,1
0.02234570868,0.03901815414,-0.180666104,-0.02158098482,1
0.02234570868,0.04087064788,-0.1854163855,-0.0203163363,1
0.02234570868,0.04272314161,-0.1890866905,-0.01787665486,1
0.02234570868,0.04457563907,-0.1809991151,-0.01339893136,1
0.02234570868,0.0464281328,-0.1485121101,-0.008485998958,1
0.02234570868,0.04828062654,-0.0810867101,-0.005092964508,1
0.02234570868,0.05013312027,-0.007894429378,-0.002319725696,1
0.02234570868,0.051985614,NaN,NaN,0
0.02234570868,0.05383810773,NaN,NaN,0
0.02419820242,0.001968274824,NaN,NaN,0
0.02419820242,0.003820769023,-0.1999702752,-0.009308565408,1
0.02419820242,0.005673262756,-0.2013129294,-0.00646878127,1
0.02419820242,0.007525756955,-0.1975439638,-0.003851724789,1
0.02419820242,0.009378250688,-0.1940084696,-0.001830955851,1
0.02419820242,0.01123074535,-0.1909905225,-6.117208977e-05,1
0.02419820242,0.01308323909,-0.1871562749,-0.001077978988,1
0.02419820242,0.01493573282,-0.1809269339,-0.008831477724,1
0.02419820242,0.01678822748,-0.1758123636,-0.01988912188,1
0.02419820242,0.01864072122,-0.1771789789,-0.02580579557,1
0.02419820242,0.02049321495,-0.1780857593,-0.02640282921,1
0.02419820242,0.02234570868,-0.1769173145,-0.02468868531,1
0.02419820242,0.02419820242,-0.1774036884,-0.02580831572,1
0.02419820242,0.02605069801,-0.1783277541,-0.02741097845,1
0.02419820242,0.02790319175,-0.1794109643,-0.0291951634,1
0.02419820242,0.02975568548,-0.1807436049,-0.03018660657,1
0.02419820242,0.03160817921,-0.1834942549,-0.02989812195,1
0.02419820242,0.03346067294,-0.1878586859,-0.0289330557,1
0.02419820242,0.03531316668,-0.1888602376,-0.0284354426,1
0.02419820242,0.03716566041,-0.1883853674,-0.02661985718,1
0.02419820242,0.03901815414,-0.1887092441,-0.0233213827,1
0.02419820242,0.04087064788,-0.1898453683,-0.02064537443,1
0.02419820242,0.04272314161,-0.1918966621,-0.01910844631,1
0.02419820242,0.04457563907,-0.1856750548,-0.01618904248,1
0.02419820242,0.0464281328,-0.1549609154,-0.01112824492,1
0.02419820242,0.04828062654,-0.08108304441,-0.004569760989,1
0.02419820242,0.05013312027,-0.01193242893,-0.001203265623,1
0.02419820242,0.051985614,NaN,NaN,0
0.02419820242,0.05383810773,NaN,NaN,0
0.02605069801,0.001968274824,NaN,NaN,0
0.02605069801,0.003820769023,-0.1996589005,-0.00755810691,1
0.02605069801,0.005673262756,-0.2010482848,-0.005890966859,1
0.02605069801,0.007525756955,-0.1998458952,-0.003186344868,1
0.02605069801,0.009378250688,-0.196202457,-0.0007363058976,1
0.02605069801,0.01123074535,-0.1915384084,0.0008828642312,1
0.02605069801,0.01308323909,-0.1870286018,-0.0003541203041,1
0.02605069801,0.01493573282,-0.1814530194,-0.00828090217,1
0.02605069801,0.01678822748,-0.178391993,-0.02030253224,1
0.02605069801,0.01864072122,-0.1808616966,-0.02611285448,1
0.02605069801,0.02049321495,-0.1804402322,-0.02543628775,1
0.02605069801,0.02234570868,-0.1748073697,-0.02507135458,1
0.02605069801,0.02419820242,-0.1735311002,-0.02692200243,1
0.02605069801,0.02605069801,-0.1756455302,-0.02934993431,1
0.02605069801,0.02790319175,-0.1791960299,-0.03219266981,1
0.02605069801,0.02975568548,-0.1828584522,-0.03261824697,1
0.02605069801,0.03160817921,-0.1874357313,-0.03131696209,1
0.02605069801,0.03346067294,-0.1920249313,-0.0287176054,1
0.02605069801,0.03531316668,-0.1936032325,-0.02645797841,1
0.02605069801,0.03716566041,-0.192246303,-0.02515943348,1
0.02605069801,0.03901815414,-0.1892417073,-0.02440094203,1
0.02605069801,0.04087064788,-0.1866040677,-0.02176086605,1
0.02605069801,0.04272314161,-0.1871061921,-0.01812810451,1
0.02605069801,0.04457563907,-0.1835487038,-0.01546861231,1
0.02605069801,0.0464281328,-0.1641066372,-0.01086413488,1
0.02605069801,0.04828062654,-0.1135571674,-0.003308654064,1
0.02605069801,0.05013312027,-0.04301222786,-0.0005613850662,1
0.02605069801,0.051985614,NaN,NaN,0
0.02605069801,0.05383810773,NaN,NaN,0
0.02790319175,0.001968274824,NaN,NaN,0
0.02790319175,0.003820769023,-0.2008038908,-0.0058625089,1
0.02790319175,0.005673262756,-0.2008933425,-0.005550469272,1
0.02790319175,0.007525756955,-0.19978787,-0.00286933966,1
0.02790319175,0.009378250688,-0.1970016658,0.0004447278916,1
0.02790319175,0.01123074535,-0.1927449554,0.002049372997,1
0.02790319175,0.01308323909,-0.1886740476,0.00168105145,1
0.02790319175,0.01493573282,-0.18344751,-0.002597965533,1
0.02790319175,0.01678822748,-0.179290399,-0.01153771579,1
0.02790319175,0.01864072122,-0.1794727594,-0.01850804314,1
0.02790319175,0.02049321495,-0.180126071,-0.02202071622,1
0.02790319175,0.02234570868,-0.1770059466,-0.02442877181,1
0.02790319175,0.02419820242,-0.1768265367,-0.02632967755,1
0.02790319175,0.02605069801,-0.1794919521,-0.0279637631,1
0.02790319175,0.02790319175,-0.1838398874,-0.02839204669,1
0.02790319175,0.02975568548,-0.1889701635,-0.02621402591,1
0.02790319175,0.03160817921,-0.1940131336,-0.02354957908,1
0.02790319175,0.03346067294,-0.1964265406,-0.02009783499,1
0.02790319175,0.03531316668,-0.1952347755,-0.0180282481,1
0.02790319175,0.03716566041,-0.1922069937,-0.01907035895,1
0.02790319175,0.03901815414,-0.1877677441,-0.0211178828,1
0.02790319175,0.04087064788,-0.1821770072,-0.01937479712,1
0.02790319175,0.04272314161,-0.1806968153,-0.01629043743,1
0.02790319175,0.04457563907,-0.178467676,-0.01421285514,1
0.02790319175,0.0464281328,-0.1661978811,-0.0100523727,1
0.02790319175,0.04828062654,-0.1428479999,-0.003603868419,1
0.02790319175,0.05013312027,-0.1160297841,-0.00154427567,1
0.02790319175,0.051985614,NaN,NaN,0
0.02790319175,0.05383810773,NaN,NaN,0
0.02975568548,0.001968274824,NaN,NaN,0
0.02975568548,0.003820769023,-0.2026803344,-0.003697995795,1
0.02975568548,0.005673262756,-0.2015996575,-0.002501949901,1
0.02975568548,0.007525756955,-0.199268803,0.0004189166066,1
0.02975568548,0.009378250688,-0.1959287673,0.003762569046,1
0.02975568548,0.01123074535,-0.1921244413,0.005949019454,1
0.02975568548,0.01308323909,-0.1883319318,0.006617405917,1
0.02975568548,0.01493573282,-0.1832016259,0.004063658416,1
0.02975568548,0.01678822748,-0.1771074235,-0.002001989866,1
0.02975568548,0.01864072122,-0.1742286831,-0.008393247612,1
0.02975568548,0.02049321495,-0.1759194881,-0.01611104421,1
0.02975568548,0.02234570868,-0.1796510667,-0.02181806229,1
0.02975568548,0.02419820242,-0.1842006296,-0.02375080623,1
0.02975568548,0.02605069801,-0.1882598847,-0.0237439014,1
0.02975568548,0.02790319175,-0.192383796,-0.02105176076,1
0.02975568548,0.02975568548,-0.1971335262,-0.01566760801,1
0.02975568548,0.03160817921,-0.2001356035,-0.01112903934,1
0.02975568548,0.03346067294,-0.1982880831,-0.008750492707,1
0.02975568548,0.03531316668,-0.1925061345,-0.008882412687,1
0.02975568548,0.03716566041,-0.1878912002,-0.01098933071,1
0.02975568548,0.03901815414,-0.1856769472,-0.01454792637,1
0.02975568548,0.04087064788,-0.181902945,-0.01471778378,1
0.02975568548,0.04272314161,-0.1808890551,-0.01443215832,1
0.02975568548,0.04457563907,-0.1775852591,-0.01386229787,1
0.02975568548,0.0464281328,-0.1643738896,-0.01026384905,1
0.02975568548,0.04828062654,-0.1480765194,-0.004765107296,1
0.02975568548,0.05013312027,-0.1329013258,-0.002843424678,2
0.02975568548,0.051985614,NaN,NaN,0
0.02975568548,0.05383810773,NaN,NaN,0
0.03160817921,0.001968274824,NaN,NaN,0
0.03160817921,0.003820769023,-0.2050344348,-3.536775694e-05,1
0.03160817921,0.005673262756,-0.2028384954,0.00155616994,1
0.03160817921,0.007525756955,-0.1991253495,0.003317984985,1
0.03160817921,0.009378250688,-0.1953580827,0.005302630831,1
0.03160817921,0.01123074535,-0.1913453639,0.008426843211,1
0.03160817921,0.01308323909,-0.1861075461,0.01008618064,1
0.03160817921,0.01493573282,-0.180092141,0.008203355595,1
0.03160817921,0.01678822748,-0.1736864597,0.002804344986,1
0.03160817921,0.01864072122,-0.1690798551,-0.002668892965,1
0.03160817921,0.02049321495,-0.1696929634,-0.009443651885,1
0.03160817921,0.02234570868,-0.175864771,-0.01812092587,1
0.03160817921,0.02419820242,-0.1851801574,-0.02344941907,1
0.03160817921,0.02605069801,-0.1936228871,-0.02263498679,1
0.03160817921,0.02790319175,-0.1998479962,-0.01712494902,1
0.03160817921,0.02975568548,-0.2039995641,-0.01015033852,1
0.03160817921,0.03160817921,-0.2032544017,-0.005872062873,1
0.03160817921,0.03346067294,-0.1961059123,-0.005890692119,1
0.03160817921,0.03531316668,-0.1866437644,-0.007162653375,1
0.03160817921,0.03716566041,-0.1809944957,-0.006777519826,1
0.03160817921,0.03901815414,-0.1810766309,-0.009261228144,1
0.03160817921,0.04087064788,-0.1817640513,-0.01057750359,1
0.03160817921,0.04272314161,-0.1833110601,-0.01166719664,1
0.03160817921,0.04457563907,-0.1803678125,-0.01231602672,1
0.03160817921,0.0464281328,-0.1678868532,-0.01050346158,1
0.03160817921,0.04828062654,-0.151858151,-0.005340411328,1
0.03160817921,0.05013312027,-0.1362397671,-0.003531015012,2
0.03160817921,0.051985614,NaN,NaN,0
0.03160817921,0.05383810773,NaN,NaN,0
0.03346067294,0.001968274824,NaN,NaN,0
0.03346067294,0.003820769023,-0.2074003071,0.0002104620071,1
0.03346067294,0.005673262756,-0.2037664205,0.0005208543153,1
0.03346067294,0.007525756955,-0.1985479444,0.0009890965885,1
0.03346067294,0.009378250688,-0.1938868612,0.002220813883,1
0.03346067294,0.01123074535,-0.1887556016,0.00549420109,1
0.03346067294,0.01308323909,-0.1823482513,0.006690716837,1
0.03346067294,0.01493573282,-0.176059261,0.004555542488,1
0.03346067294,0.01678822748,-0.170616284,-0.0008146438631,1
0.03346067294,0.01864072122,-0.1651479453,-0.002924676053,1
0.03346067294,0.02049321495,-0.1635281593,-0.002289901022,1
0.03346067294,0.02234570868,-0.1703670174,-0.007074943278,1
0.03346067294,0.02419820242,-0.1814674139,-0.01385937724,1
0.03346067294,0.02605069801,-0.1940291375,-0.0150230024,1
0.03346067294,0.02790319175,-0.2037043273,-0.01164296176,1
0.03346067294,0.02975568548,-0.2059731036,-0.007400320377,1
0.03346067294,0.03160817921,-0.201901719,-0.005318077747,1
0.03346067294,0.03346067294,-0.1918851286,-0.007784805261,1
0.03346067294,0.03531316668,-0.1814495027,-0.01028380543,1
0.03346067294,0.03716566041,-0.1761604249,-0.008893635124,1
0.03346067294,0.03901815414,-0.1745945364,-0.008567988873,1
0.03346067294,0.04087064788,-0.1764187366,-0.008383540437,1
0.03346067294,0.04272314161,-0.180781424,-0.008533699438,1
0.03346067294,0.04457563907,-0.1796528697,-0.009899137542,1
0.03346067294,0.0464281328,-0.1699629128,-0.009361713193,1
0.03346067294,0.04828062654,-0.1551290601,-0.004941771273,1
0.03346067294,0.05013312027,-0.1367231458,-0.003619119292,2
0.03346067294,0.051985614,NaN,NaN,0
0.03346067294,0.05383810773,NaN,NaN,0
0.03531316668,0.001968274824,NaN,NaN,0
0.03531316668,0.003820769023,-0.2107210606,-0.003775978927,1
0.03531316668,0.005673262756,-0.2049607337,-0.005798496772,1
0.03531316668,0.007525756955,-0.1971705556,-0.006563567556,1
0.03531316668,0.009378250688,-0.1902179271,-0.004393821582,1
0.03531316668,0.01123074535,-0.1841447055,-0.0002566174371,1
0.03531316668,0.01308323909,-0.1797064096,-0.0001746226772,1
0.03531316668,0.01493573282,-0.174192071,-0.001944637275,1
0.03531316668,0.01678822748,-0.1675539017,-0.005523379892,1
0.03531316668,0.01864072122,-0.1630715132,-0.004021309316,1
0.03531316668,0.02049321495,-0.1630360931,0.003987133969,1
0.03531316668,0.02234570868,-0.1702358574,0.006219844334,1
0.03531316668,0.02419820242,-0.1806526482,0.002382608363,1
0.03531316668,0.02605069801,-0.1933641136,0.0002561943256,1
0.03531316668,0.02790319175,-0.203775093,-0.002607103437,1
0.03531316668,0.02975568548,-0.2039849162,-0.004046315327,1
0.03531316668,0.03160817921,-0.1983347982,-0.005402755458,1
0.03531316668,0.03346067294,-0.1879848689,-0.009513999335,1
0.03531316668,0.03531316668,-0.1773475856,-0.01326543558,1
0.03531316668,0.03716566041,-0.1725761443,-0.01354327239,1
0.03531316668,0.03901815414,-0.1710689664,-0.01164738834,1
0.03531316668,0.04087064788,-0.1728668511,-0.009049362503,1
0.03531316668,0.04272314161,-0.1775414348,-0.00790469721,1
0.03531316668,0.04457563907,-0.1768411845,-0.00930380635,1
0.03531316668,0.0464281328,-0.1682904959,-0.008984274231,1
0.03531316668,0.04828062654,-0.1541920602,-0.004976659082,1
0.03531316668,0.05013312027,-0.1321912408,-0.003763939952,2
0.03531316668,0.051985614,NaN,NaN,0
0.03531316668,0.05383810773,NaN,NaN,0
0.03716566041,0.001968274824,NaN,NaN,0
0.03716566041,0.003820769023,-0.2114827484,-0.006524315104,1
0.03716566041,0.005673262756,-0.2067696154,-0.00953558553,1
0.03716566041,0.007525756955,-0.1982421428,-0.01119392738,1
0.03716566041,0.009378250688,-0.1889691055,-0.009861277416,1
0.03716566041,0.01123074535,-0.1817944199,-0.006193587556,1
0.03716566041,0.01308323909,-0.1768726408,-0.005240203347,1
0.03716566041,0.01493573282,-0.1704546064,-0.004777390976,1
0.03716566041,0.01678822748,-0.1638361961,-0.006146099884,1
0.03716566041,0.01864072122,-0.1627664566,-0.003118568333,1
0.03716566041,0.02049321495,-0.1675063968,0.007421784569,1
0.03716566041,0.02234570868,-0.1751428992,0.01301419549,1
0.03716566041,0.02419820242,-0.1830504239,0.01203222293,1
0.03716566041,0.02605069801,-0.1924185306,0.007229655981,1
0.03716566041,0.02790319175,-0.2000670731,-0.0006391280331,1
0.03716566041,0.02975568548,-0.2001616806,-0.004611575045,1
0.03716566041,0.03160817921,-0.1948944032,-0.007077414077,1
0.03716566041,0.03346067294,-0.185570538,-0.0106358612,1
0.03716566041,0.03531316668,-0.1756719202,-0.01493147109,1
0.03716566041,0.03716566041,-0.17213808,-0.01738764718,1
0.03716566041,0.03901815414,-0.1723531932,-0.01548665483,1
0.03716566041,0.04087064788,-0.1733292043,-0.01167036314,1
0.03716566041,0.04272314161,-0.1762744933,-0.0102438163,1
0.03716566041,0.04457563907,-0.1748769581,-0.01078342553,1
0.03716566041,0.0464281328,-0.1679012179,-0.009962791577,1
0.03716566041,0.04828062654,-0.1545913368,-0.006339412183,1
0.03716566041,0.05013312027,-0.1210786104,-0.004282589536,2
0.03716566041,0.051985614,NaN,NaN,0
0.03716566041,0.05383810773,NaN,NaN,0
0.03901815414,0.001968274824,NaN,NaN,0
0.03901815414,0.003820769023,-0.2090686411,-0.005484403111,1
0.03901815414,0.005673262756,-0.2084969878,-0.008255706169,1
0.03901815414,0.007525756955,-0.2023544461,-0.009892181493,1
0.03901815414,0.009378250688,-0.1911891848,-0.01060489658,1
0.03901815414,0.01123074535,-0.1828913689,-0.00858892221,1
0.03901815414,0.01308323909,-0.1762059629,-0.005642391276,1
0.03901815414,0.01493573282,-0.168817997,-0.001803608611,1
0.03901815414,0.01678822748,-0.16387555,-4.786603768e-06,1
0.03901815414,0.01864072122,-0.1669001132,0.002809315221,1
0.03901815414,0.02049321495,-0.1755697578,0.01021683309,1
0.03901815414,0.02234570868,-0.181461364,0.01328280196,1
0.03901815414,0.02419820242,-0.1836083978,0.00913295988,1
0.03901815414,0.02605069801,-0.1900307089,0.001531000948,1
0.03901815414,0.02790319175,-0.1956207007,-0.005189751741,1
0.03901815414,0.02975568548,-0.1944106221,-0.008883445524,1
0.03901815414,0.03160817921,-0.1888792068,-0.01204047166,1
0.03901815414,0.03346067294,-0.1814265847,-0.01589005627,1
0.03901815414,0.03531316668,-0.1754468232,-0.01841424964,1
0.03901815414,0.03716566041,-0.1752516329,-0.01969602704,1
0.03901815414,0.03901815414,-0.1769416183,-0.01684328355,1
0.03901815414,0.04087064788,-0.1772739589,-0.01144346781,1
0.03901815414,0.04272314161,-0.1773921549,-0.01040955167,1
0.03901815414,0.04457563907,-0.1740687191,-0.01162910182,1
0.03901815414,0.0464281328,-0.166456759,-0.01167088747,1
0.03901815414,0.04828062654,-0.1483469605,-0.008303244598,1
0.03901815414,0.05013312027,-0.09336601943,-0.004438167904,2
0.03901815414,0.051985614,NaN,NaN,0
0.03901815414,0.05383810773,NaN,NaN,0
0.04087064788,0.001968274824,NaN,NaN,0
0.04087064788,0.003820769023,-0.2052370012,-0.002562651411,1
0.04087064788,0.005673262756,-0.2052792162,-0.006102377549,1
0.04087064788,0.007525756955,-0.2000753134,-0.009338183329,1
0.04087064788,0.009378250688,-0.1902200878,-0.01041395683,1
0.04087064788,0.01123074535,-0.1824704111,-0.008587088436,1
0.04087064788,0.01308323909,-0.1770205349,-0.004079536069,1
0.04087064788,0.01493573282,-0.1715175807,0.001584202517,1
0.04087064788,0.01678822748,-0.1686318517,0.006199164316,1
0.04087064788,0.01864072122,-0.1728780419,0.008301676251,1
0.04087064788,0.02049321495,-0.1807149351,0.009972605854,1
0.04087064788,0.02234570868,-0.1843894571,0.009418880567,1
0.04087064788,0.02419820242,-0.1829106957,0.005000448786,1
0.04087064788,0.02605069801,-0.1859858036,-0.001278644428,1
0.04087064788,0.02790319175,-0.1899217814,-0.006687118672,1
0.04087064788,0.02975568548,-0.1873524934,-0.012017278,1
0.04087064788,0.03160817921,-0.1813604087,-0.01891567186,1
0.04087064788,0.03346067294,-0.1774038374,-0.02302582934,1
0.04087064788,0.03531316668,-0.1769468784,-0.02126304619,1
0.04087064788,0.03716566041,-0.1793581247,-0.0187475495,1
0.04087064788,0.03901815414,-0.1807397157,-0.01415147912,1
0.04087064788,0.04087064788,-0.1793622673,-0.008506905288,1
0.04087064788,0.04272314161,-0.1776456237,-0.007453742903,1
0.04087064788,0.04457563907,-0.1732855737,-0.009781560861,1
0.04087064788,0.0464281328,-0.161025852,-0.01263029315,1
0.04087064788,0.04828062654,-0.1296161115,-0.008766424842,1
0.04087064788,0.05013312027,-0.04659919813,-0.003072832013,1
0.04087064788,0.051985614,NaN,NaN,0
0.04087064788,0.05383810773,NaN,NaN,0
0.04272314161,0.001968274824,NaN,NaN,0
0.04272314161,0.003820769023,-0.2019117177,-0.0007968267309,1
0.04272314161,0.005673262756,-0.2014824301,-0.004126858432,1
0.04272314161,0.007525756955,-0.1973125488,-0.007822749205,1
0.04272314161,0.009378250688,-0.1897110194,-0.00883140415,1
0.04272314161,0.01123074535,-0.1825826019,-0.007714383304,1
0.04272314161,0.01308323909,-0.1776250303,-0.004199091345,1
0.04272314161,0.01493573282,-0.1744049937,-0.0006714063929,1
0.04272314161,0.01678822748,-0.172800079,0.003207135014,1
0.04272314161,0.01864072122,-0.1761695594,0.004436125513,1
0.04272314161,0.02049321495,-0.1827855408,0.002983675804,1
0.04272314161,0.02234570868,-0.1860758215,0.001350551844,1
0.04272314161,0.02419820242,-0.1837185621,0.0001249594497,1
0.04272314161,0.02605069801,-0.1829457283,-0.003189611482,1
0.04272314161,0.02790319175,-0.1829107404,-0.006738131866,1
0.04272314161,0.02975568548,-0.179787159,-0.01260006055,1
0.04272314161,0.03160817921,-0.1764436066,-0.02039510198,1
0.04272314161,0.03346067294,-0.1791783422,-0.0213604439,1
0.04272314161,0.03531316668,-0.1846632659,-0.01679696329,1
0.04272314161,0.03716566041,-0.1864487529,-0.01326725166,1
0.04272314161,0.03901815414,-0.1828034818,-0.01093880925,1
0.04272314161,0.04087064788,-0.1764729619,-0.009187107906,1
0.04272314161,0.04272314161,-0.1721406281,-0.007274825126,1
0.04272314161,0.04457563907,-0.1670666486,-0.007895095274,1
0.04272314161,0.0464281328,-0.1479426771,-0.01148748025,1
0.04272314161,0.04828062654,-0.1013777703,-0.006596610416,1
0.04272314161,0.05013312027,-0.02624603547,-0.001703807968,1
0.04272314161,0.051985614,NaN,NaN,0
0.04272314161,0.05383810773,NaN,NaN,0
0.04457563907,0.001968274824,NaN,NaN,0
0.04457563907,0.003820769023,-0.2002158314,-0.0006135906442,1
0.04457563907,0.005673262756,-0.19953309,-0.00196489552,1
0.04457563907,0.007525756955,-0.1965447217,-0.003823379986,1
0.04457563907,0.009378250688,-0.1909778863,-0.004832276609,1
0.04457563907,0.01123074535,-0.184023425,-0.005255413707,1
0.04457563907,0.01308323909,-0.1773901284,-0.004983772058,1
0.04457563907,0.01493573282,-0.1729213744,-0.006996688899,1
0.04457563907,0.01678822748,-0.1711831391,-0.006500308868,1
0.04457563907,0.01864072122,-0.1736993492,-0.00518208975,1
0.04457563907,0.02049321495,-0.1796233654,-0.005611966364,1
0.04457563907,0.02234570868,-0.1845898032,-0.006772050168,1
0.04457563907,0.02419820242,-0.1854149103,-0.007730617654,1
0.04457563907,0.02605069801,-0.1825933605,-0.008410306647,1
0.04457563907,0.02790319175,-0.1787522584,-0.008865226991,1
0.04457563907,0.02975568548,-0.1763980091,-0.01007113699,1
0.04457563907,0.03160817921,-0.1787216514,-0.01334560942,1
0.04457563907,0.03346067294,-0.1866988093,-0.01303562615,1
0.04457563907,0.03531316668,-0.1930407435,-0.01167589892,1
0.04457563907,0.03716566041,-0.192655623,-0.01065007597,1
0.04457563907,0.03901815414,-0.1848397851,-0.01037578192,1
0.04457563907,0.04087064788,-0.1745724082,-0.01100280229,1
0.04457563907,0.04272314161,-0.1671885699,-0.009544099681,1
0.04457563907,0.04457563907,-0.1572780311,-0.008134069853,1
0.04457563907,0.0464281328,-0.1234505177,-0.009440550581,1
0.04457563907,0.04828062654,-0.03919342533,-0.00382794952,1
0.04457563907,0.05013312027,-0.00379762752,-0.0008230987587,1
0.04457563907,0.051985614,NaN,NaN,0
0.04457563907,0.05383810773,NaN,NaN,0
0.0464281328,0.001968274824,NaN,NaN,0
0.0464281328,0.003820769023,-0.2000175714,0.001366368029,1
0.0464281328,0.005673262756,-0.1989804208,0.002464264864,1
0.0464281328,0.007525756955,-0.1962382793,0.002307083923,1
0.0464281328,0.009378250688,-0.1920515001,0.0003959935275,1
0.0464281328,0.01123074535,-0.1853193343,-0.001696474967,1
0.0464281328,0.01308323909,-0.1771288067,-0.004115649499,1
0.0464281328,0.01493573282,-0.1703737825,-0.007808560971,1
0.0464281328,0.01678822748,-0.1658807099,-0.01121139247,1
0.0464281328,0.01864072122,-0.1667363644,-0.01296852436,1
0.0464281328,0.02049321495,-0.1746114343,-0.0122808665,1
0.0464281328,0.02234570868,-0.183395952,-0.01299722213,1
0.0464281328,0.02419820242,-0.1869304329,-0.01374769025,1
0.0464281328,0.02605069801,-0.1838207543,-0.01258155517,1
0.0464281328,0.02790319175,-0.1789942682,-0.008922671899,1
0.0464281328,0.02975568548,-0.1785463691,-0.004715899937,1
0.0464281328,0.03160817921,-0.1839758158,-0.004782248754,1
0.0464281328,0.03346067294,-0.1920032203,-0.006081848871,1
0.0464281328,0.03531316668,-0.1959980577,-0.006804501172,1
0.0464281328,0.03716566041,-0.1947067976,-0.006579021458,1
0.0464281328,0.03901815414,-0.1869022995,-0.006238074508,1
0.0464281328,0.04087064788,-0.1759385765,-0.007709146943,1
0.0464281328,0.04272314161,-0.1672206074,-0.007929088548,1
0.0464281328,0.04457563907,-0.153727293,-0.006036403589,1
0.0464281328,0.0464281328,-0.1147782877,-0.00547124492,1
0.0464281328,0.04828062654,-0.0224258285,-0.001354881446,1
0.0464281328,0.05013312027,0.00195952761,0.0001052913503,1
0.0464281328,0.051985614,NaN,NaN,0
0.0464281328,0.05383810773,NaN,NaN,0
0.04828062654,0.001968274824,NaN,NaN,0
0.04828062654,0.003820769023,-0.1988354176,0.003579763696,1
0.04828062654,0.005673262756,-0.1979029924,0.006835257169,1
0.04828062654,0.007525756955,-0.1949696094,0.007627638523,1
0.04828062654,0.009378250688,-0.1910254806,0.005439084489,1
0.04828062654,0.01123074535,-0.184147045,0.002101344522,1
0.04828062654,0.01308323909,-0.1754890382,-0.0005269612302,1
0.04828062654,0.01493573282,-0.1677268147,-0.003371316474,1
0.04828062654,0.01678822748,-0.1612022519,-0.008540898561,1
0.04828062654,0.01864072122,-0.1608588845,-0.01386356633,1
0.04828062654,0.02049321495,-0.169336617,-0.01565774344,1
0.04828062654,0.02234570868,-0.1816985905,-0.01621790044,1
0.04828062654,0.02419820242,-0.1882595569,-0.01541714184,1
0.04828062654,0.02605069801,-0.1868423373,-0.01468819752,1
0.04828062654,0.02790319175,-0.1832036674,-0.009590946138,1
0.04828062654,0.02975568548,-0.1814549863,-0.003937181085,1
0.04828062654,0.03160817921,-0.1837881953,-0.003482712898,1
0.04828062654,0.03346067294,-0.1883789301,-0.004359354265,1
0.04828062654,0.03531316668,-0.1911008656,-0.00411963556,1
0.04828062654,0.03716566041,-0.1905565113,-0.002953597112,1
0.04828062654,0.03901815414,-0.1856562197,-0.001450026873,1
0.04828062654,0.04087064788,-0.1776764095,-0.001737014158,1
0.04828062654,0.04272314161,-0.1707714796,-0.002027544659,1
0.04828062654,0.04457563907,-0.1597648114,-0.00155564188,1
0.04828062654,0.0464281328,-0.1241078451,-0.001425970113,1
0.04828062654,0.04828062654,-0.02693207562,0.0007232117932,1
0.04828062654,0.05013312027,-0.002857887885,0.0007937083719,2
0.04828062654,0.051985614,NaN,NaN,0
0.04828062654,0.05383810773,NaN,NaN,0
0.05013312027,0.001968274824,NaN,NaN,0
0.05013312027,0.003820769023,-0.1963902116,0.002413742244,1
0.05013312027,0.005673262756,-0.196309939,0.00598739041,1
0.05013312027,0.007525756955,-0.1928493083,0.008310197853,1
0.05013312027,0.009378250688,-0.1885180175,0.008163360879,1
0.05013312027,0.01123074535,-0.1831169724,0.005343109835,1
0.05013312027,0.01308323909,-0.175008148,0.003775991499,1
0.05013312027,0.01493573282,-0.1655655354,0.0005603444297,1
0.05013312027,0.01678822748,-0.1573632956,-0.006500400603,1
0.05013312027,0.01864072122,-0.1574322432,-0.01437980868,1
0.05013312027,0.02049321495,-0.1675243825,-0.01936896332,1
0.05013312027,0.02234570868,-0.1824506521,-0.02013456635,1
0.05013312027,0.02419820242,-0.189981088,-0.01869196817,1
0.05013312027,0.02605069801,-0.1867706627,-0.01944380626,1
0.05013312027,0.02790319175,-0.182502076,-0.01494383719,1
0.05013312027,0.02975568548,-0.1793593466,-0.008873311803,1
0.05013312027,0.03160817921,-0.1783732176,-0.006517166737,1
0.05013312027,0.03346067294,-0.1811567098,-0.005412881263,1
0.05013312027,0.03531316668,-0.1843741089,-0.005254284479,1
0.05013312027,0.03716566041,-0.1853303462,-0.003306750674,1
0.05013312027,0.03901815414,-0.1830988675,3.331737025e-05,1
0.05013312027,0.04087064788,-0.1776155084,0.002431656234,1
0.05013312027,0.04272314161,-0.1722096205,0.004001176916,1
0.05013312027,0.04457563907,-0.1626720428,0.002660844009,1
0.05013312027,0.0464281328,-0.1286355555,0.0009897359414,1
0.05013312027,0.04828062654,-0.02712810785,0.001315048197,1
0.05013312027,0.05013312027,-0.004525967408,0.0008745592204,2
0.05013312027,0.051985614,NaN,NaN,0
0.05013312027,0.05383810773,NaN,NaN,0
0.051985614,0.001968274824,NaN,NaN,0
0.051985614,0.003820769023,-0.1969116032,-0.002257356653,1
0.051985614,0.005673262756,-0.1966812015,0.0002255528816,1
0.051985614,0.007525756955,-0.1928423047,0.004168221727,1
0.051985614,0.009378250688,-0.1879618168,0.007365165278,1
0.051985614,0.01123074535,-0.183544755,0.007403361611,1
0.051985614,0.01308323909,-0.1755297184,0.006573004648,1
0.051985614,0.01493573282,-0.1630529314,0.002351547359,1
0.051985614,0.01678822748,-0.1534128636,-0.005431512371,1
0.051985614,0.01864072122,-0.1543147117,-0.01399813127,1
0.051985614,0.02049321495,-0.1658436209,-0.01983974874,1
0.051985614,0.02234570868,-0.183066681,-0.02262041718,1
0.051985614,0.02419820242,-0.1912033707,-0.02506124601,1
0.051985614,0.02605069801,-0.1864152402,-0.02746260725,1
0.051985614,0.02790319175,-0.1811771691,-0.0236205738,1
0.051985614,0.02975568548,-0.1779826581,-0.01636306942,1
0.051985614,0.03160817921,-0.1742031425,-0.009721277282,1
0.051985614,0.03346067294,-0.1747950017,-0.007316079922,1
0.051985614,0.03531316668,-0.1801948845,-0.008573394269,1
0.051985614,0.03716566041,-0.1816099286,-0.00702238502,1
0.051985614,0.03901815414,-0.1781069636,-0.003500266233,1
0.051985614,0.04087064788,-0.1729662865,0.0004531907325,1
0.051985614,0.04272314161,-0.1686534584,0.004306109156,1
0.051985614,0.04457563907,-0.1579621732,0.00301131513,1
0.051985614,0.0464281328,-0.1232959777,0.0009039847646,1
0.051985614,0.04828062654,-0.02458259463,0.000772232248,1
0.051985614,0.05013312027,-0.00514545152,0.0005353671149,2
0.051985614,0.051985614,NaN,NaN,0
0.051985614,0.05383810773,NaN,NaN,0
0.05383810773,0.001968274824,NaN,NaN,0
0.05383810773,0.003820769023,-0.1996244639,-0.01013445668,1
0.05383810773,0.005673262756,-0.199825719,-0.009045171551,1
0.05383810773,0.007525756955,-0.1984223425,-0.003791234922,1
0.05383810773,0.009378250688,-0.1942319274,0.003226079512,1
0.05383810773,0.01123074535,-0.1867708266,0.006489447318,1
0.05383810773,0.01308323909,-0.1737530231,0.005249967333,1
0.05383810773,0.01493573282,-0.157475397,-0.0001813928538,1
0.05383810773,0.01678822748,-0.1491538584,-0.006970970891,1
0.05383810773,0.01864072122,-0.151866585,-0.01321965922,1
0.05383810773,0.02049321495,-0.1637134254,-0.01598525234,1
0.05383810773,0.02234570868,-0.1832048446,-0.01920623332,1
0.05383810773,0.02419820242,-0.1913331896,-0.02662987076,1
0.05383810773,0.02605069801,-0.1886946559,-0.03001892008,1
0.05383810773,0.02790319175,-0.1849584728,-0.02579965256,1
0.05383810773,0.02975568548,-0.1823615432,-0.01945416443,1
0.05383810773,0.03160817921,-0.1769104302,-0.01375409961,1
0.05383810773,0.03346067294,-0.1740329415,-0.01152177993,1
0.05383810773,0.03531316668,-0.1793802083,-0.01465204451,1
0.05383810773,0.03716566041,-0.1799834818,-0.01560589112,1
0.05383810773,0.03901815414,-0.1736302674,-0.01336796954,1
0.05383810773,0.04087064788,-0.1667895764,-0.009601381607,1
0.05383810773,0.04272314161,-0.1612929106,-0.00496988697,1
0.05383810773,0.04457563907,-0.1480089873,-0.003795438912,1
0.05383810773,0.0464281328,-0.1138894558,-0.003835296957,1
0.05383810773,0.04828062654,-0.02824857645,-0.001107639866,1
0.05383810773,0.05013312027,-0.01051960047,-6.221178046e-05,2
0.05383810773,0.051985614,NaN,NaN,0
0.05383810773,0.05383810773,NaN,NaN,0
0.05569060147,0.001968274824,NaN,NaN,0
0.05569060147,0.003820769023,-0.2003773004,-0.01564824395,1
0.05569060147,0.005673262756,-0.2029479593,-0.01605641656,1
0.05569060147,0.007525756955,-0.2046952248,-0.01279578917,1
0.05569060147,0.009378250688,-0.200276196,-0.007319016382,1
0.05569060147,0.01123074535,-0.1883779615,-0.003993675113,1
0.05569060147,0.01308323909,-0.1711820811,-0.004489419516,1
0.05569060147,0.01493573282,-0.1540896744,-0.007644130848,1
0.05569060147,0.01678822748,-0.1478828639,-0.01051415037,1
0.05569060147,0.01864072122,-0.1513492763,-0.01229340956,1
0.05569060147,0.02049321495,-0.1621074677,-0.01063637156,1
0.05569060147,0.02234570868,-0.1811347902,-0.01160505787,1
0.05569060147,0.02419820242,-0.1914750785,-0.01871788874,1
0.05569060147,0.02605069801,-0.193480283,-0.0220010113,1
0.05569060147,0.02790319175,-0.192125544,-0.01858497411,1
0.05569060147,0.02975568548,-0.1893432438,-0.01852918789,1
0.05569060147,0.03160817921,-0.1843677014,-0.0201956816,1
0.05569060147,0.03346067294,-0.1769814193,-0.01917158626,1
0.05569060147,0.03531316668,-0.1766981035,-0.02206415683,1
0.05569060147,0.03716566041,-0.1757393181,-0.02561483905,1
0.05569060147,0.03901815414,-0.169386372,-0.02496305853,1
0.05569060147,0.04087064788,-0.1621241122,-0.02053457126,1
0.05569060147,0.04272314161,-0.1549710184,-0.01457478479,1
0.05569060147,0.04457563907,-0.1418533027,-0.01027883589,1
0.05569060147,0.0464281328,-0.1148284525,-0.007697483525,1
0.05569060147,0.04828062654,-0.05947576836,-0.002120288322,1
0.05569060147,0.05013312027,-0.02555383928,-0.0001699693094,2
0.05569060147,0.051985614,NaN,NaN,0
0.05569060147,0.05383810773,NaN,NaN,0
0.0575430952,0.001968274824,NaN,NaN,0
0.0575430952,0.003820769023,-0.1995438784,-0.01534584817,1
0.0575430952,0.005673262756,-0.2024953514,-0.01696897298,1
0.0575430952,0.007525756955,-0.2043778896,-0.01887081377,1
0.0575430952,0.009378250688,-0.1997738928,-0.02069785632,1
0.0575430952,0.01123074535,-0.1869602799,-0.02104869857,1
0.0575430952,0.01308323909,-0.1693658382,-0.0185486339,1
0.0575430952,0.01493573282,-0.1549541652,-0.01604986191,1
0.0575430952,0.01678822748,-0.150759995,-0.01244316157,1
0.0575430952,0.01864072122,-0.1534444988,-0.008527714759,1
0.0575430952,0.02049321495,-0.1625501812,-0.003332869848,1
0.0575430952,0.02234570868,-0.180217281,-0.001396141481,1
0.0575430952,0.02419820242,-0.1932536066,-0.006054547615,1
0.0575430952,0.02605069801,-0.1955885589,-0.01009559818,1
0.0575430952,0.02790319175,-0.1943637878,-0.01079303864,1
0.0575430952,0.02975568548,-0.1923120767,-0.01487146784,1
0.0575430952,0.03160817921,-0.1885964274,-0.02140965685,1
0.0575430952,0.03346067294,-0.1790667176,-0.02430127747,1
0.0575430952,0.03531316668,-0.1724629402,-0.02547410876,1
0.0575430952,0.03716566041,-0.1696325541,-0.02868668921,1
0.0575430952,0.03901815414,-0.1654098481,-0.03036943078,1
0.0575430952,0.04087064788,-0.1594230682,-0.02671806142,1
0.0575430952,0.04272314161,-0.1523010433,-0.01933573373,1
0.0575430952,0.04457563907,-0.1394061595,-0.01041238941,1
0.0575430952,0.0464281328,-0.1100258902,-0.004721052945,1
0.0575430952,0.04828062654,-0.03839277476,-0.0002428971202,1
0.0575430952,0.05013312027,-0.01210729964,0.0006476022536,1
0.0575430952,0.051985614,NaN,NaN,0
0.0575430952,0.05383810773,NaN,NaN,0
0.05939558893,0.001968274824,NaN,NaN,0
0.05939558893,0.003820769023,-0.1970922649,-0.01364682429,1
0.05939558893,0.005673262756,-0.199003011,-0.01565396041,1
0.05939558893,0.007525756955,-0.1996038109,-0.01954578608,1
0.05939558893,0.009378250688,-0.195107162,-0.0250475388,1
0.05939558893,0.01123074535,-0.1857257336,-0.02877582982,1
0.05939558893,0.01308323909,-0.1714310944,-0.02623503655,1
0.05939558893,0.01493573282,-0.1602981091,-0.01908203028,1
0.05939558893,0.01678822748,-0.1578656733,-0.01024293248,1
0.05939558893,0.01864072122,-0.1590910107,-0.003008247353,1
0.05939558893,0.02049321495,-0.1653384417,0.002759827767,1
0.05939558893,0.02234570868,-0.1802215129,0.004956371151,1
0.05939558893,0.02419820242,-0.1918644905,0.00117647287,1
0.05939558893,0.02605069801,-0.1930030435,-0.003366225399,1
0.05939558893,0.02790319175,-0.1925560981,-0.006015276536,1
0.05939558893,0.02975568548,-0.1934558749,-0.007960154675,1
0.05939558893,0.03160817921,-0.1921465546,-0.01366930734,1
0.05939558893,0.03346067294,-0.1818702668,-0.02158679627,1
0.05939558893,0.03531316668,-0.1707966626,-0.02461667173,1
0.05939558893,0.03716566041,-0.1669747084,-0.0279268045,1
0.05939558893,0.03901815414,-0.1652544886,-0.02978119254,1
0.05939558893,0.04087064788,-0.1605353206,-0.02572824247,1
0.05939558893,0.04272314161,-0.1535603553,-0.01842403226,1
0.05939558893,0.04457563907,-0.1422121972,-0.009206383489,1
0.05939558893,0.0464281328,-0.1158494949,-0.00273206993,1
0.05939558893,0.04828062654,-0.04402188957,0.0006059648586,1
0.05939558893,0.05013312027,-0.01088511758,0.0006574688014,1
0.05939558893,0.051985614,NaN,NaN,0
0.05939558893,0.05383810773,NaN,NaN,0
0.06124808267,0.001968274824,NaN,NaN,0
0.06124808267,0.003820769023,-0.1954279989,-0.01363484003,1
0.06124808267,0.005673262756,-0.1959128976,-0.0149424905,1
0.06124808267,0.007525756955,-0.1946062744,-0.01800347865,1
0.06124808267,0.009378250688,-0.1912596375,-0.02181682549,1
0.06124808267,0.01123074535,-0.1872672737,-0.02537372895,1
0.06124808267,0.01308323909,-0.1795659363,-0.02245122381,1
0.06124808267,0.01493573282,-0.1719395965,-0.01385200117,1
0.06124808267,0.01678822748,-0.1683861017,-0.003932742402,1
0.06124808267,0.01864072122,-0.1654604226,0.002809097758,1
0.06124808267,0.02049321495,-0.1679377407,0.006363369524,1
0.06124808267,0.02234570868,-0.1781418771,0.006697820965,1
0.06124808267,0.02419820242,-0.1879793555,0.003194032237,1
0.06124808267,0.02605069801,-0.1918863803,-0.0002439495292,1
0.06124808267,0.02790319175,-0.1926006675,-0.001391454367,1
0.06124808267,0.02975568548,-0.1958704591,-0.002141977428,1
0.06124808267,0.03160817921,-0.1953398138,-0.006903416477,1
0.06124808267,0.03346067294,-0.1846791953,-0.01587095484,1
0.06124808267,0.03531316668,-0.1726456881,-0.02081425674,1
0.06124808267,0.03716566041,-0.169276908,-0.02426269464,1
0.06124808267,0.03901815414,-0.1695189029,-0.02562820539,1
0.06124808267,0.04087064788,-0.1669748425,-0.02184143849,1
0.06124808267,0.04272314161,-0.1601687521,-0.01476047561,1
0.06124808267,0.04457563907,-0.1488425434,-0.008115475997,1
0.06124808267,0.0464281328,-0.1291140467,-0.003029262647,1
0.06124808267,0.04828062654,-0.08309467882,-0.0002957016695,1
0.06124808267,0.05013312027,-0.01543744374,-0.0002556794498,1
0.06124808267,0.051985614,NaN,NaN,0
0.06124808267,0.05383810773,NaN,NaN,0
0.0631005764,0.001968274824,NaN,NaN,0
0.0631005764,0.003820769023,-0.1953154802,-0.01329067536,1
0.0631005764,0.005673262756,-0.1953449845,-0.01365163364,1
0.0631005764,0.007525756955,-0.192797184,-0.01580972038,1
0.0631005764,0.009378250688,-0.190500319,-0.01751528867,1
0.0631005764,0.01123074535,-0.1905529499,-0.01758318394,1
0.0631005764,0.01308323909,-0.1894800961,-0.01343511324,1
0.0631005764,0.01493573282,-0.1863390207,-0.005350911058,1
0.0631005764,0.01678822748,-0.1800541729,0.003260260914,1
0.0631005764,0.01864072122,-0.1710301042,0.008454052731,1
0.0631005764,0.02049321495,-0.1691960245,0.009798676707,1
0.0631005764,0.02234570868,-0.1746163517,0.007797667291,1
0.0631005764,0.02419820242,-0.18396613,0.003771346528,1
0.0631005764,0.02605069801,-0.192276299,0.001250938512,1
0.0631005764,0.02790319175,-0.194528535,0.00134848943,1
0.0631005764,0.02975568548,-0.1963078529,-0.000684449682,1
0.0631005764,0.03160817921,-0.1935142279,-0.006968522444,1
0.0631005764,0.03346067294,-0.1837334037,-0.0153439194,1
0.0631005764,0.03531316668,-0.1744600683,-0.01984348893,1
0.0631005764,0.03716566041,-0.1710795015,-0.02215203457,1
0.0631005764,0.03901815414,-0.1722233295,-0.02152682841,1
0.0631005764,0.04087064788,-0.1738227606,-0.01681407355,1
0.0631005764,0.04272314161,-0.1695860326,-0.01004918665,1
0.0631005764,0.04457563907,-0.1564597934,-0.006355461664,1
0.0631005764,0.0464281328,-0.1344934553,-0.004762819968,1
0.0631005764,0.04828062654,-0.09471996129,-0.001671856036,1
0.0631005764,0.05013312027,-0.01246857364,-0.00127542112,1
0.0631005764,0.051985614,NaN,NaN,0
0.0631005764,0.05383810773,NaN,NaN,0
0.06495307386,0.001968274824,NaN,NaN,0
0.06495307386,0.003820769023,-0.1962839067,-0.01096965373,1
0.06495307386,0.005673262756,-0.1967950761,-0.01147358585,1
0.06495307386,0.007525756955,-0.1945919394,-0.01277748402,1
0.06495307386,0.009378250688,-0.1929356903,-0.0130339982,1
0.06495307386,0.01123074535,-0.1945125759,-0.009578607045,1
0.06495307386,0.01308323909,-0.196830526,-0.005515574478,1
0.06495307386,0.01493573282,-0.1968980283,7.017167081e-05,1
0.06495307386,0.01678822748,-0.1888488829,0.005771463737,1
0.06495307386,0.01864072122,-0.1752835959,0.01090913173,1
0.06495307386,0.02049321495,-0.1690501422,0.01284192875,1
0.06495307386,0.02234570868,-0.1699533761,0.01000509411,1
0.06495307386,0.02419820242,-0.1773658395,0.003967732191,1
0.06495307386,0.02605069801,-0.1874542385,-0.0005292661372,1
0.06495307386,0.02790319175,-0.1908357888,-0.00231296476,1
0.06495307386,0.02975568548,-0.1900417805,-0.005597617943,1
0.06495307386,0.03160817921,-0.1853681654,-0.0125303911,1
0.06495307386,0.03346067294,-0.1770304143,-0.02035414428,1
0.06495307386,0.03531316668,-0.171965003,-0.02441930398,1
0.06495307386,0.03716566041,-0.170981586,-0.02540535294,1
0.06495307386,0.03901815414,-0.1730049998,-0.02160565369,1
0.06495307386,0.04087064788,-0.1773724258,-0.01390605792,1
0.06495307386,0.04272314161,-0.1759073436,-0.007699720096,1
0.06495307386,0.04457563907,-0.1631937474,-0.005794267636,1
0.06495307386,0.0464281328,-0.1389706731,-0.007259042934,1
0.06495307386,0.04828062654,-0.1025892049,-0.003470927943,1
0.06495307386,0.05013312027,-0.01065810863,-0.001394550782,1
0.06495307386,0.051985614,NaN,NaN,0
0.06495307386,0.05383810773,NaN,NaN,0
0.06680556387,0.001968274824,NaN,NaN,0
0.06680556387,0.003820769023,-0.1999554038,-0.01043875981,1
0.06680556387,0.005673262756,-0.1998224407,-0.009939905256,1
0.06680556387,0.007525756955,-0.1977147013,-0.00973293744,1
0.06680556387,0.009378250688,-0.1963823736,-0.008236533031,1
0.06680556387,0.01123074535,-0.1980803013,-0.003841476049,1
0.06680556387,0.01308323909,-0.2012333721,-5.459643216e-05,1
0.06680556387,0.01493573282,-0.2019245178,0.003387833014,1
0.06680556387,0.01678822748,-0.1931695044,0.00598119339,1
0.06680556387,0.01864072122,-0.1785965562,0.01050487161,1
0.06680556387,0.02049321495,-0.1698188484,0.01402429584,1
0.06680556387,0.02234570868,-0.1683441848,0.01164331008,1
0.06680556387,0.02419820242,-0.1733875871,0.003820378799,1
0.06680556387,0.02605069801,-0.1809961498,-0.003964085132,1
0.06680556387,0.02790319175,-0.1835988164,-0.009384764358,1
0.06680556387,0.02975568548,-0.1817979813,-0.01436579227,1
0.06680556387,0.03160817921,-0.1764775515,-0.01957781799,1
0.06680556387,0.03346067294,-0.1693805456,-0.02501039021,1
0.06680556387,0.03531316668,-0.1676195264,-0.02851764113,1
0.06680556387,0.03716566041,-0.1709864438,-0.02982075512,1
0.06680556387,0.03901815414,-0.1740214229,-0.02527211607,1
0.06680556387,0.04087064788,-0.1776812971,-0.01650516503,1
0.06680556387,0.04272314161,-0.1749780327,-0.009780162945,1
0.06680556387,0.04457563907,-0.1619988084,-0.007124179509,1
0.06680556387,0.0464281328,-0.1381791979,-0.006781119853,1
0.06680556387,0.04828062654,-0.1000012681,-0.003288530279,1
0.06680556387,0.05013312027,-0.0108458586,-0.0006491854438,1
0.06680556387,0.051985614,NaN,NaN,0
0.06680556387,0.05383810773,NaN,NaN,0
0.06865806133,0.001968274824,NaN,NaN,0
0.06865806133,0.003820769023,-0.2029052675,-0.01139289513,1
0.06865806133,0.005673262756,-0.2031071782,-0.007996818051,1
0.06865806133,0.007525756955,-0.2006036788,-0.006374041084,1
0.06865806133,0.009378250688,-0.1984032691,-0.004867055919,1
0.06865806133,0.01123074535,-0.1998536885,-0.0009335867944,1
0.06865806133,0.01308323909,-0.2026911974,0.003421704285,1
0.06865806133,0.01493573282,-0.2019948214,0.005322999321,1
0.06865806133,0.01678822748,-0.1923525333,0.004826253746,1
0.06865806133,0.01864072122,-0.1789821237,0.007216109429,1
0.06865806133,0.02049321495,-0.1704361439,0.01028562523,1
0.06865806133,0.02234570868,-0.1683908999,0.008597361855,1
0.06865806133,0.02419820242,-0.1708407104,0.0002397959906,1
0.06865806133,0.02605069801,-0.1738708764,-0.01041376591,1
0.06865806133,0.02790319175,-0.177105844,-0.01706864685,1
0.06865806133,0.02975568548,-0.1786053479,-0.02143629268,1
0.06865806133,0.03160817921,-0.1762712896,-0.02382427454,1
0.06865806133,0.03346067294,-0.1706084907,-0.02711485885,1
0.06865806133,0.03531316668,-0.1680726111,-0.03078428283,1
0.06865806133,0.03716566041,-0.1699373573,-0.03271622956,1
0.06865806133,0.03901815414,-0.1724587232,-0.0288547799,1
0.06865806133,0.04087064788,-0.1739177257,-0.02055791393,1
0.06865806133,0.04272314161,-0.1690919101,-0.01323470008,1
0.06865806133,0.04457563907,-0.1560675353,-0.009428309277,1
0.06865806133,0.0464281328,-0.1342240423,-0.00668760296,1
0.06865806133,0.04828062654,-0.09568966925,-0.002557639731,1
0.06865806133,0.05013312027,-0.01353161223,-0.0008250655374,1
0.06865806133,0.051985614,NaN,NaN,0
0.06865806133,0.05383810773,NaN,NaN,0
0.07051055133,0.001968274824,NaN,NaN,0
0.07051055133,0.003820769023,-0.2019272,-0.01240777131,1
0.07051055133,0.005673262756,-0.2030387968,-0.00706306193,1
0.07051055133,0.007525756955,-0.2009252012,-0.004636007827,1
0.07051055133,0.009378250688,-0.1996280402,-0.004076539073,1
0.07051055133,0.01123074535,-0.2011976242,-0.001931128209,1
0.07051055133,0.01308323909,-0.202701658,0.001289024949,1
0.07051055133,0.01493573282,-0.2003616095,0.001111622085,1
0.07051055133,0.01678822748,-0.1903247386,-0.001679216046,1
0.07051055133,0.01864072122,-0.178406775,-0.001212413074,1
0.07051055133,0.02049321495,-0.1705980897,0.001083468786,1
0.07051055133,0.02234570868,-0.1666002125,-0.0003563656937,1
0.07051055133,0.02419820242,-0.1659424305,-0.008473831229,1
0.07051055133,0.02605069801,-0.1685647219,-0.01771553792,1
0.07051055133,0.02790319175,-0.1756207198,-0.02099907584,1
0.07051055133,0.02975568548,-0.1837923378,-0.02137919888,1
0.07051055133,0.03160817921,-0.1857289672,-0.02150528505,1
0.07051055133,0.03346067294,-0.1777511388,-0.02469515614,1
0.07051055133,0.03531316668,-0.1705332696,-0.03011138923,1
0.07051055133,0.03716566041,-0.1686775088,-0.03402383626,1
0.07051055133,0.03901815414,-0.1709616333,-0.03241575882,1
0.07051055133,0.04087064788,-0.1706091613,-0.02506011911,1
0.07051055133,0.04272314161,-0.1610880345,-0.01607893594,1
0.07051055133,0.04457563907,-0.1462601423,-0.0104335025,1
0.07051055133,0.0464281328,-0.127929613,-0.006351314019,1
0.07051055133,0.04828062654,-0.09457016736,-0.002501829062,1
0.07051055133,0.05013312027,-0.01910357364,-0.002499380149,1
0.07051055133,0.051985614,NaN,NaN,0
0.07051055133,0.05383810773,NaN,NaN,0
0.07236304879,0.001968274824,NaN,NaN,0
0.07236304879,0.003820769023,-0.200136289,-0.01265816949,1
0.07236304879,0.005673262756,-0.2009033412,-0.007511153817,1
0.07236304879,0.007525756955,-0.1999558508,-0.005513720214,1
0.07236304879,0.009378250688,-0.202109471,-0.007196057588,1
0.07236304879,0.01123074535,-0.2043777406,-0.007160493173,1
0.07236304879,0.01308323909,-0.2036472112,-0.004745901562,1
0.07236304879,0.01493573282,-0.1994166225,-0.006062493194,1
0.07236304879,0.01678822748,-0.1891999245,-0.009020239115,1
0.07236304879,0.01864072122,-0.1773228049,-0.008930295706,1
0.07236304879,0.02049321495,-0.1686769128,-0.007163088769,1
0.07236304879,0.02234570868,-0.1635846943,-0.009751629084,1
0.07236304879,0.02419820242,-0.1617794335,-0.01727477275,1
0.07236304879,0.02605069801,-0.1665559858,-0.02066504024,1
0.07236304879,0.02790319175,-0.1778882742,-0.02070167474,1
0.07236304879,0.02975568548,-0.1922042668,-0.01850234158,1
0.07236304879,0.03160817921,-0.1967234015,-0.01650848985,1
0.07236304879,0.03346067294,-0.1851731241,-0.01857498847,1
0.07236304879,0.03531316668,-0.1722535789,-0.02558528259,1
0.07236304879,0.03716566041,-0.1660485864,-0.03309840336,1
0.07236304879,0.03901815414,-0.1695671678,-0.03617824987,1
0.07236304879,0.04087064788,-0.1696758121,-0.03212120384,1
0.07236304879,0.04272314161,-0.1546557248,-0.02141713724,1
0.07236304879,0.04457563907,-0.1352136731,-0.01307061687,1
0.07236304879,0.0464281328,-0.1202862784,-0.007679258008,1
0.07236304879,0.04828062654,-0.09741627425,-0.004166523926,1
0.07236304879,0.05013312027,-0.02331254259,-0.005032974761,1
0.07236304879,0.051985614,NaN,NaN,0
0.07236304879,0.05383810773,NaN,NaN,0
