PIVlab, ASCII chart output - 08-Oct-2024
FRAME: 224, filenames: A: Basler_acA640-750um__24761715__20241004_145722425_0446.bmp & B: Basler_acA640-750um__24761715__20241004_145722425_0447.bmp, conversion factor xy (px -> m): 0.00011578, conversion factor uv (px/frame -> m/s): 0.034769
x [m],y [m],u [m/s],v [m/s],Vector type [-]
0.001968274824,0.001968274824,NaN,NaN,0
0.001968274824,0.003820769023,-0.1889799982,0.002960731508,1
0.001968274824,0.005673262756,-0.1893086433,0.00316700479,1
0.001968274824,0.007525756955,-0.1904260814,0.003026555758,1
0.001968274824,0.009378250688,-0.1910366118,0.001423892798,1
0.001968274824,0.01123074535,-0.185162738,-0.002635223093,1
0.001968274824,0.01308323909,-0.178107664,-0.00568073662,1
0.001968274824,0.01493573282,-0.1790364385,-0.005090696737,1
0.001968274824,0.01678822748,-0.1864034534,-0.004581665155,1
0.001968274824,0.01864072122,-0.1902508289,-0.003831914626,1
0.001968274824,0.02049321495,-0.1877268255,-0.005015176721,1
0.001968274824,0.02234570868,-0.1831006557,-0.00906866882,1
0.001968274824,0.02419820242,-0.1812619269,-0.01172466297,1
0.001968274824,0.02605069801,-0.1849059463,-0.01249634102,1
0.001968274824,0.02790319175,-0.1863431185,-0.01892809756,1
0.001968274824,0.02975568548,-0.1823347807,-0.02854441665,1
0.001968274824,0.03160817921,-0.1805617213,-0.03094808757,1
0.001968274824,0.03346067294,-0.1767456084,-0.02577231079,1
0.001968274824,0.03531316668,-0.1698908061,-0.01644487865,1
0.001968274824,0.03716566041,-0.1682856381,-0.008141654544,1
0.001968274824,0.03901815414,-0.1680611074,-0.005085263867,1
0.001968274824,0.04087064788,-0.1718471497,-0.004688510671,1
0.001968274824,0.04272314161,-0.1779118329,-0.005412861239,1
0.001968274824,0.04457563907,-0.1667075008,-0.009295580909,1
0.001968274824,0.0464281328,-0.1280731857,-0.01423455123,1
0.001968274824,0.04828062654,-0.06758659333,-0.009174244478,1
0.001968274824,0.05013312027,-0.01422362681,-0.003265001345,1
0.001968274824,0.051985614,NaN,NaN,0
0.001968274824,0.05383810773,NaN,NaN,0
0.003820769023,0.001968274824,NaN,NaN,0
0.003820769023,0.003820769023,-0.1875243634,0.001170666306,1
0.003820769023,0.005673262756,-0.1859936863,0.001615621382,1
0.003820769023,0.007525756955,-0.1867772043,0.00223738444,1
0.003820769023,0.009378250688,-0.1887945384,0.001095263171,1
0.003820769023,0.01123074535,-0.1877208054,-0.002631501528,1
0.003820769023,0.01308323909,-0.1873929054,-0.004316193517,1
0.003820769023,0.01493573282,-0.1884817332,-0.004847233649,1
0.003820769023,0.01678822748,-0.1883266121,-0.007016359363,1
0.003820769023,0.01864072122,-0.1884992868,-0.009716046974,1
0.003820769023,0.02049321495,-0.1881875843,-0.01423556358,1
0.003820769023,0.02234570868,-0.1853678226,-0.01671265997,1
0.003820769023,0.02419820242,-0.1824623942,-0.01531300321,1
0.003820769023,0.02605069801,-0.1829841137,-0.015209415,1
0.003820769023,0.02790319175,-0.1828950793,-0.02013240755,1
0.003820769023,0.02975568548,-0.1813766956,-0.02644904889,1
0.003820769023,0.03160817921,-0.1814535707,-0.02964259312,1
0.003820769023,0.03346067294,-0.1792817861,-0.0276669506,1
0.003820769023,0.03531316668,-0.1756625772,-0.02199391089,1
0.003820769023,0.03716566041,-0.1723055691,-0.0153609477,1
0.003820769023,0.03901815414,-0.16760692,-0.00987710245,1
0.003820769023,0.04087064788,-0.1671554595,-0.00527981529,1
0.003820769023,0.04272314161,-0.1716008633,-0.003036881564,1
0.003820769023,0.04457563907,-0.1635626405,-0.004944801796,1
0.003820769023,0.0464281328,-0.1246699169,-0.008662126027,1
0.003820769023,0.04828062654,-0.04169824347,-0.005100946408,1
0.003820769023,0.05013312027,0.003265231149,-0.003292240668,1
0.003820769023,0.051985614,NaN,NaN,0
0.003820769023,0.05383810773,NaN,NaN,0
0.005673262756,0.001968274824,NaN,NaN,0
0.005673262756,0.003820769023,-0.185165897,-0.0008260394679,1
0.005673262756,0.005673262756,-0.1844632328,-0.0006015055696,1
0.005673262756,0.007525756955,-0.1860114783,0.0007799498853,1
0.005673262756,0.009378250688,-0.1884225607,0.0008421945968,1
0.005673262756,0.01123074535,-0.18862845,-0.001669380465,1
0.005673262756,0.01308323909,-0.1904542446,-0.002939902013,1
0.005673262756,0.01493573282,-0.1903898418,-0.006252088118,1
0.005673262756,0.01678822748,-0.187388733,-0.01040978171,1
0.005673262756,0.01864072122,-0.1860110611,-0.01369402651,1
0.005673262756,0.02049321495,-0.1868228614,-0.01850340329,1
0.005673262756,0.02234570868,-0.1875414699,-0.02062017284,1
0.005673262756,0.02419820242,-0.1860541254,-0.01928789541,1
0.005673262756,0.02605069801,-0.1847379506,-0.0191688817,1
0.005673262756,0.02790319175,-0.1821323186,-0.02161836624,1
0.005673262756,0.02975568548,-0.1800399125,-0.02534096688,1
0.005673262756,0.03160817921,-0.181505546,-0.02889007889,1
0.005673262756,0.03346067294,-0.1807119548,-0.02844253741,1
0.005673262756,0.03531316668,-0.17827636,-0.02541748248,1
0.005673262756,0.03716566041,-0.1749597341,-0.02139846794,1
0.005673262756,0.03901815414,-0.1694085449,-0.01519065909,1
0.005673262756,0.04087064788,-0.1661724299,-0.008268139325,1
0.005673262756,0.04272314161,-0.1677228808,-0.004445936065,1
0.005673262756,0.04457563907,-0.1627451777,-0.004233892541,1
0.005673262756,0.0464281328,-0.1346128136,-0.006333982106,1
0.005673262756,0.04828062654,-0.07609181106,-0.004064036999,1
0.005673262756,0.05013312027,-0.008349303156,-0.003445272567,1
0.005673262756,0.051985614,NaN,NaN,0
0.005673262756,0.05383810773,NaN,NaN,0
0.007525756955,0.001968274824,NaN,NaN,0
0.007525756955,0.003820769023,-0.184569791,-0.00264543551,1
0.007525756955,0.005673262756,-0.1846229285,-0.003506992711,1
0.007525756955,0.007525756955,-0.1875796914,-0.001620594179,1
0.007525756955,0.009378250688,-0.1905582994,-0.0004541079106,1
0.007525756955,0.01123074535,-0.1890400946,-0.001635656459,1
0.007525756955,0.01308323909,-0.1875236332,-0.003017927986,1
0.007525756955,0.01493573282,-0.1865894645,-0.00746856397,1
0.007525756955,0.01678822748,-0.1849813312,-0.01207537483,1
0.007525756955,0.01864072122,-0.1834441721,-0.01461615972,1
0.007525756955,0.02049321495,-0.1839725077,-0.0180064775,1
0.007525756955,0.02234570868,-0.1870475113,-0.02070031129,1
0.007525756955,0.02419820242,-0.1888873577,-0.02261241525,1
0.007525756955,0.02605069801,-0.1891738772,-0.02402002923,1
0.007525756955,0.02790319175,-0.1860510111,-0.0253385473,1
0.007525756955,0.02975568548,-0.1824527681,-0.02592186444,1
0.007525756955,0.03160817921,-0.1823562533,-0.02670157701,1
0.007525756955,0.03346067294,-0.1812478751,-0.02626748569,1
0.007525756955,0.03531316668,-0.1780373305,-0.02501136623,1
0.007525756955,0.03716566041,-0.175829798,-0.02365282737,1
0.007525756955,0.03901815414,-0.1729982197,-0.0186315421,1
0.007525756955,0.04087064788,-0.1702165604,-0.01256348472,1
0.007525756955,0.04272314161,-0.1692111641,-0.008788410574,1
0.007525756955,0.04457563907,-0.1626229435,-0.007643782068,1
0.007525756955,0.0464281328,-0.1329816282,-0.007914328016,1
0.007525756955,0.04828062654,-0.074800089,-0.004875557031,1
0.007525756955,0.05013312027,-0.01377947163,-0.003905833233,1
0.007525756955,0.051985614,NaN,NaN,0
0.007525756955,0.05383810773,NaN,NaN,0
0.009378250688,0.001968274824,NaN,NaN,0
0.009378250688,0.003820769023,-0.1852770746,-0.003547785338,1
0.009378250688,0.005673262756,-0.1850533485,-0.004647464026,1
0.009378250688,0.007525756955,-0.1880691051,-0.003264385974,1
0.009378250688,0.009378250688,-0.1896441132,-0.003257121891,1
0.009378250688,0.01123074535,-0.1865439713,-0.004419799428,1
0.009378250688,0.01308323909,-0.1820821911,-0.004525992554,1
0.009378250688,0.01493573282,-0.1822932363,-0.007624553517,1
0.009378250688,0.01678822748,-0.1833541095,-0.01147557143,1
0.009378250688,0.01864072122,-0.181655094,-0.01407578494,1
0.009378250688,0.02049321495,-0.1816117764,-0.01702775806,1
0.009378250688,0.02234570868,-0.1854566932,-0.02040555514,1
0.009378250688,0.02419820242,-0.1903041452,-0.02420550399,1
0.009378250688,0.02605069801,-0.1924937665,-0.02799819224,1
0.009378250688,0.02790319175,-0.1907780915,-0.02960395068,1
0.009378250688,0.02975568548,-0.1881153882,-0.02679524198,1
0.009378250688,0.03160817921,-0.186332196,-0.02356483974,1
0.009378250688,0.03346067294,-0.1821432263,-0.02262472175,1
0.009378250688,0.03531316668,-0.1767560244,-0.02254930697,1
0.009378250688,0.03716566041,-0.1753397286,-0.02287301607,1
0.009378250688,0.03901815414,-0.175883472,-0.01930583082,1
0.009378250688,0.04087064788,-0.1762816161,-0.01481599268,1
0.009378250688,0.04272314161,-0.1758573949,-0.01245441567,1
0.009378250688,0.04457563907,-0.1683440357,-0.01156671159,1
0.009378250688,0.0464281328,-0.1357204765,-0.009041029029,1
0.009378250688,0.04828062654,-0.04762306809,-0.003362087999,1
0.009378250688,0.05013312027,-0.006098090205,-0.001962756738,1
0.009378250688,0.051985614,NaN,NaN,0
0.009378250688,0.05383810773,NaN,NaN,0
0.01123074535,0.001968274824,NaN,NaN,0
0.01123074535,0.003820769023,-0.1863145381,-0.002701736754,1
0.01123074535,0.005673262756,-0.1864936799,-0.003068326972,1
0.01123074535,0.007525756955,-0.1889709979,-0.002418026328,1
0.01123074535,0.009378250688,-0.1890219599,-0.003165126545,1
0.01123074535,0.01123074535,-0.1850848198,-0.004237668123,1
0.01123074535,0.01308323909,-0.1804672331,-0.004197556525,1
0.01123074535,0.01493573282,-0.1805086583,-0.006754490547,1
0.01123074535,0.01678822748,-0.182863012,-0.01075147372,1
0.01123074535,0.01864072122,-0.1831337959,-0.0134974122,1
0.01123074535,0.02049321495,-0.1829548627,-0.01591957547,1
0.01123074535,0.02234570868,-0.1856637001,-0.01888834499,1
0.01123074535,0.02419820242,-0.1917138398,-0.0225842502,1
0.01123074535,0.02605069801,-0.1955290884,-0.02749950998,1
0.01123074535,0.02790319175,-0.195351243,-0.02892361023,1
0.01123074535,0.02975568548,-0.1928255856,-0.02548490651,1
0.01123074535,0.03160817921,-0.1887314767,-0.02150000818,1
0.01123074535,0.03346067294,-0.1820731908,-0.02085492574,1
0.01123074535,0.03531316668,-0.1759698987,-0.02170566097,1
0.01123074535,0.03716566041,-0.1760422438,-0.02107952721,1
0.01123074535,0.03901815414,-0.1790736467,-0.01730506495,1
0.01123074535,0.04087064788,-0.1813467145,-0.01349025406,1
0.01123074535,0.04272314161,-0.1803768426,-0.01211782545,1
0.01123074535,0.04457563907,-0.172816366,-0.01227474399,1
0.01123074535,0.0464281328,-0.145190388,-0.009892999195,1
0.01123074535,0.04828062654,-0.07255765796,-0.00388237834,1
0.01123074535,0.05013312027,-0.02441738173,-0.001344924211,1
0.01123074535,0.051985614,NaN,NaN,0
0.01123074535,0.05383810773,NaN,NaN,0
0.01308323909,0.001968274824,NaN,NaN,0
0.01308323909,0.003820769023,-0.1888602376,-0.002375047188,1
0.01308323909,0.005673262756,-0.1891483963,-0.001944275224,1
0.01308323909,0.007525756955,-0.189777717,-0.001515150536,1
0.01308323909,0.009378250688,-0.1882940829,-0.001127696363,1
0.01308323909,0.01123074535,-0.1851934493,-0.00133424974,1
0.01308323909,0.01308323909,-0.1820847392,-0.001264175866,1
0.01308323909,0.01493573282,-0.1814006865,-0.003018734045,1
0.01308323909,0.01678822748,-0.183737576,-0.006921661552,1
0.01308323909,0.01864072122,-0.1837847531,-0.01118778437,1
0.01308323909,0.02049321495,-0.1838430762,-0.01469878387,1
0.01308323909,0.02234570868,-0.1871896088,-0.01671124622,1
0.01308323909,0.02419820242,-0.193338573,-0.01929212548,1
0.01308323909,0.02605069801,-0.1974172145,-0.02339140885,1
0.01308323909,0.02790319175,-0.1977546364,-0.02357495576,1
0.01308323909,0.02975568548,-0.1954858154,-0.02154789306,1
0.01308323909,0.03160817921,-0.1899144799,-0.01956189983,1
0.01308323909,0.03346067294,-0.1824157089,-0.02040797099,1
0.01308323909,0.03531316668,-0.1760222912,-0.02203343064,1
0.01308323909,0.03716566041,-0.1754453927,-0.01954222657,1
0.01308323909,0.03901815414,-0.1776984781,-0.01487832516,1
0.01308323909,0.04087064788,-0.1799317896,-0.01144386549,1
0.01308323909,0.04272314161,-0.1803626418,-0.01074470393,1
0.01308323909,0.04457563907,-0.1752178669,-0.01098888088,1
0.01308323909,0.0464281328,-0.1530156136,-0.008811020292,1
0.01308323909,0.04828062654,-0.08693354577,-0.002848720877,1
0.01308323909,0.05013312027,-0.01809546351,-0.0005935814697,1
0.01308323909,0.051985614,NaN,NaN,0
0.01308323909,0.05383810773,NaN,NaN,0
0.01493573282,0.001968274824,NaN,NaN,0
0.01493573282,0.003820769023,-0.1915441006,-0.004191034939,1
0.01493573282,0.005673262756,-0.1913565844,-0.004120630678,1
0.01493573282,0.007525756955,-0.1902889758,-0.00368894334,1
0.01493573282,0.009378250688,-0.1879975945,-0.001709680655,1
0.01493573282,0.01123074535,-0.1861856431,-0.0004567319702,1
0.01493573282,0.01308323909,-0.184570536,0.000325137662,1
0.01493573282,0.01493573282,-0.1838985384,-9.483621398e-05,1
0.01493573282,0.01678822748,-0.1848333031,-0.004013621714,1
0.01493573282,0.01864072122,-0.1826131493,-0.009334696457,1
0.01493573282,0.02049321495,-0.1825219989,-0.01323747262,1
0.01493573282,0.02234570868,-0.1876387745,-0.01454549283,1
0.01493573282,0.02419820242,-0.1935967058,-0.01729639433,1
0.01493573282,0.02605069801,-0.1975562721,-0.01959107071,1
0.01493573282,0.02790319175,-0.1979430169,-0.01678145118,1
0.01493573282,0.02975568548,-0.1933729947,-0.01655156352,1
0.01493573282,0.03160817921,-0.1880762279,-0.01583447121,1
0.01493573282,0.03346067294,-0.1830700338,-0.01755117252,1
0.01493573282,0.03531316668,-0.1773546636,-0.01950556412,1
0.01493573282,0.03716566041,-0.174320057,-0.01664249785,1
0.01493573282,0.03901815414,-0.1739788204,-0.01191513892,1
0.01493573282,0.04087064788,-0.1760906726,-0.009288634174,1
0.01493573282,0.04272314161,-0.1794485897,-0.009474126622,1
0.01493573282,0.04457563907,-0.1782621741,-0.009175973944,1
0.01493573282,0.0464281328,-0.164693296,-0.006805303972,1
0.01493573282,0.04828062654,-0.1191721261,-0.002427466447,1
0.01493573282,0.05013312027,-0.02026293427,-0.0009460145957,1
0.01493573282,0.051985614,NaN,NaN,0
0.01493573282,0.05383810773,NaN,NaN,0
0.01678822748,0.001968274824,NaN,NaN,0
0.01678822748,0.003820769023,-0.1942140609,-0.006336982828,1
0.01678822748,0.005673262756,-0.1939730495,-0.006411716342,1
0.01678822748,0.007525756955,-0.1923009008,-0.0053719813,1
0.01678822748,0.009378250688,-0.1904161572,-0.003373233136,1
0.01678822748,0.01123074535,-0.1886904836,-0.002273372142,1
0.01678822748,0.01308323909,-0.1864877343,-0.001395597006,1
0.01678822748,0.01493573282,-0.1840937436,-0.001254399191,1
0.01678822748,0.01678822748,-0.1822596341,-0.005139885005,1
0.01678822748,0.01864072122,-0.1788656116,-0.009967203252,1
0.01678822748,0.02049321495,-0.1815712303,-0.01200704835,1
0.01678822748,0.02234570868,-0.1905708462,-0.01143497787,1
0.01678822748,0.02419820242,-0.195998922,-0.01279113907,1
0.01678822748,0.02605069801,-0.1984717101,-0.01515566092,1
0.01678822748,0.02790319175,-0.1979378313,-0.01481939759,1
0.01678822748,0.02975568548,-0.1888935864,-0.01685885526,1
0.01678822748,0.03160817921,-0.1838252991,-0.01498980261,1
0.01678822748,0.03346067294,-0.1825566143,-0.01455777884,1
0.01678822748,0.03531316668,-0.1782319695,-0.01570287533,1
0.01678822748,0.03716566041,-0.1729099154,-0.01374749374,1
0.01678822748,0.03901815414,-0.1692027301,-0.009735637344,1
0.01678822748,0.04087064788,-0.1711737216,-0.008057948202,1
0.01678822748,0.04272314161,-0.1783978641,-0.008267325349,1
0.01678822748,0.04457563907,-0.1798169911,-0.007464078721,1
0.01678822748,0.0464281328,-0.1677193344,-0.005171377677,1
0.01678822748,0.04828062654,-0.1253440976,-0.002322370652,1
0.01678822748,0.05013312027,-0.02093316428,-0.001333464985,1
0.01678822748,0.051985614,NaN,NaN,0
0.01678822748,0.05383810773,NaN,NaN,0
0.01864072122,0.001968274824,NaN,NaN,0
0.01864072122,0.003820769023,-0.1966904998,-0.007351740263,1
0.01864072122,0.005673262756,-0.1972487718,-0.006221279968,1
0.01864072122,0.007525756955,-0.1958968192,-0.004138721619,1
0.01864072122,0.009378250688,-0.1937852204,-0.002659521764,1
0.01864072122,0.01123074535,-0.1907446086,-0.003200235311,1
0.01864072122,0.01308323909,-0.1861075908,-0.00323925144,1
0.01864072122,0.01493573282,-0.1805647314,-0.004607797135,1
0.01864072122,0.01678822748,-0.1766907275,-0.009311487898,1
0.01864072122,0.01864072122,-0.176401332,-0.01323465072,1
0.01864072122,0.02049321495,-0.1850205213,-0.01258325856,1
0.01864072122,0.02234570868,-0.1975440234,-0.008804433048,1
0.01864072122,0.02419820242,-0.2012469172,-0.006680083927,1
0.01864072122,0.02605069801,-0.1986125261,-0.01119436882,1
0.01864072122,0.02790319175,-0.1935117245,-0.01715398952,1
0.01864072122,0.02975568548,-0.1841484457,-0.01984720118,1
0.01864072122,0.03160817921,-0.180569604,-0.01673580334,1
0.01864072122,0.03346067294,-0.1821079701,-0.01358763408,1
0.01864072122,0.03531316668,-0.1784553975,-0.0131051261,1
0.01864072122,0.03716566041,-0.1714068949,-0.01318252273,1
0.01864072122,0.03901815414,-0.1675727516,-0.011549877,1
0.01864072122,0.04087064788,-0.1699762344,-0.00982377585,1
0.01864072122,0.04272314161,-0.1775319725,-0.007946689613,1
0.01864072122,0.04457563907,-0.1790665835,-0.006113160402,1
0.01864072122,0.0464281328,-0.1653522849,-0.003732242389,1
0.01864072122,0.04828062654,-0.1200371608,-0.001821800251,1
0.01864072122,0.05013312027,-0.02146865614,-0.001218662364,1
0.01864072122,0.051985614,NaN,NaN,0
0.01864072122,0.05383810773,NaN,NaN,0
0.02049321495,0.001968274824,NaN,NaN,0
0.02049321495,0.003820769023,-0.1977919042,-0.007645264268,1
0.02049321495,0.005673262756,-0.1993031651,-0.006337244995,1
0.02049321495,0.007525756955,-0.1977556795,-0.004365442786,1
0.02049321495,0.009378250688,-0.1949964017,-0.002621110063,1
0.02049321495,0.01123074535,-0.1917888522,-0.0027291351,1
0.02049321495,0.01308323909,-0.1856969297,-0.003661263268,1
0.02049321495,0.01493573282,-0.1777882427,-0.006821654271,1
0.02049321495,0.01678822748,-0.1724495739,-0.01284694765,1
0.02049321495,0.01864072122,-0.1764369905,-0.01669574529,1
0.02049321495,0.02049321495,-0.1885964721,-0.01579080708,1
0.02049321495,0.02234570868,-0.2001972198,-0.01340168715,1
0.02049321495,0.02419820242,-0.2008804083,-0.01274161041,1
0.02049321495,0.02605069801,-0.1951689571,-0.01842362061,1
0.02049321495,0.02790319175,-0.1889563799,-0.02312749997,1
0.02049321495,0.02975568548,-0.18184717,-0.02188329585,1
0.02049321495,0.03160817921,-0.1796759665,-0.01817457005,1
0.02049321495,0.03346067294,-0.1817500293,-0.01455690153,1
0.02049321495,0.03531316668,-0.1784122586,-0.01393930335,1
0.02049321495,0.03716566041,-0.1714341789,-0.01519726869,1
0.02049321495,0.03901815414,-0.1685370356,-0.01553373504,1
0.02049321495,0.04087064788,-0.1714511067,-0.0135001801,1
0.02049321495,0.04272314161,-0.1772646457,-0.009738547727,1
0.02049321495,0.04457563907,-0.1756239831,-0.00648390688,1
0.02049321495,0.0464281328,-0.154865995,-0.003295537317,1
0.02049321495,0.04828062654,-0.1044548377,-0.001691272832,1
0.02049321495,0.05013312027,-0.01519084908,-0.0004856185988,1
0.02049321495,0.051985614,NaN,NaN,0
0.02049321495,0.05383810773,NaN,NaN,0
0.02234570868,0.001968274824,NaN,NaN,0
0.02234570868,0.003820769023,-0.1992566735,-0.007422152441,1
0.02234570868,0.005673262756,-0.2003342956,-0.006753324531,1
0.02234570868,0.007525756955,-0.1970916986,-0.005801955238,1
0.02234570868,0.009378250688,-0.1932463199,-0.003402041271,1
0.02234570868,0.01123074535,-0.1900213957,-0.000971593603,1
0.02234570868,0.01308323909,-0.1848773956,-0.002286926843,1
0.02234570868,0.01493573282,-0.1773275733,-0.007494819351,1
0.02234570868,0.01678822748,-0.1705256552,-0.01484848931,1
0.02234570868,0.01864072122,-0.1757947803,-0.01980434172,1
0.02234570868,0.02049321495,-0.1852712929,-0.02074259147,1
0.02234570868,0.02234570868,-0.1920979917,-0.02067910321,1
0.02234570868,0.02419820242,-0.1917543858,-0.02361116372,1
0.02234570868,0.02605069801,-0.1873690039,-0.02677784301,1
0.02234570868,0.02790319175,-0.1840075701,-0.02640950307,1
0.02234570868,0.02975568548,-0.1808263808,-0.0229397174,1
0.02234570868,0.03160817921,-0.1799685061,-0.02094761096,1
0.02234570868,0.03346067294,-0.1819260269,-0.01939170994,1
0.02234570868,0.03531316668,-0.1800523102,-0.01965753548,1
0.02234570868,0.03716566041,-0.1754749417,-0.02076443657,1
0.02234570868,0.03901815414,-0.1745571047,-0.02096832357,1
0.02234570868,0.04087064788,-0.1788399667,-0.01927062869,1
0.02234570868,0.04272314161,-0.1823682934,-0.01494400296,1
0.02234570868,0.04457563907,-0.1741109937,-0.009552004747,1
0.02234570868,0.0464281328,-0.1399174482,-0.004753687885,1
0.02234570868,0.04828062654,-0.08430980146,-0.003136967309,1
0.02234570868,0.05013312027,-0.01072312146,-0.001110429643,1
0.02234570868,0.051985614,NaN,NaN,0
0.02234570868,0.05383810773,NaN,NaN,0
0.02419820242,0.001968274824,NaN,NaN,0
0.02419820242,0.003820769023,-0.2002794445,-0.007843033411,1
0.02419820242,0.005673262756,-0.2010028809,-0.00758217182,1
0.02419820242,0.007525756955,-0.1970559657,-0.005664171185,1
0.02419820242,0.009378250688,-0.1923058331,-0.002160000149,1
0.02419820242,0.01123074535,-0.1886690408,0.001380431,1
0.02419820242,0.01308323909,-0.1848179698,0.0004212695058,1
0.02419820242,0.01493573282,-0.1798634827,-0.006192468572,1
0.02419820242,0.01678822748,-0.1750370562,-0.01669629663,1
0.02419820242,0.01864072122,-0.1770843863,-0.0238961,1
0.02419820242,0.02049321495,-0.1808367819,-0.02551095374,1
0.02419820242,0.02234570868,-0.1833716482,-0.02427070215,1
0.02419820242,0.02419820242,-0.1825840473,-0.02617860027,1
0.02419820242,0.02605069801,-0.1801999658,-0.02783680148,1
0.02419820242,0.02790319175,-0.1794532239,-0.02734705806,1
0.02419820242,0.02975568548,-0.179528147,-0.02589588426,1
0.02419820242,0.03160817921,-0.1811491549,-0.02586269937,1
0.02419820242,0.03346067294,-0.1849775016,-0.02598343976,1
0.02419820242,0.03531316668,-0.1852256656,-0.02661322616,1
0.02419820242,0.03716566041,-0.1834012121,-0.02675019205,1
0.02419820242,0.03901815414,-0.1839845181,-0.02448117174,1
0.02419820242,0.04087064788,-0.1876188666,-0.02197834849,1
0.02419820242,0.04272314161,-0.189922139,-0.01892258413,1
0.02419820242,0.04457563907,-0.1795089543,-0.01386815868,1
0.02419820242,0.0464281328,-0.1388354897,-0.008114454336,1
0.02419820242,0.04828062654,-0.07734196633,-0.003933282103,1
0.02419820242,0.05013312027,-0.0162825156,-0.001272765221,1
0.02419820242,0.051985614,NaN,NaN,0
0.02419820242,0.05383810773,NaN,NaN,0
0.02605069801,0.001968274824,NaN,NaN,0
0.02605069801,0.003820769023,-0.1998573691,-0.008061245084,1
0.02605069801,0.005673262756,-0.2009137869,-0.007523078006,1
0.02605069801,0.007525756955,-0.1987591833,-0.004116238561,1
0.02605069801,0.009378250688,-0.1940348297,-0.0003126939991,1
0.02605069801,0.01123074535,-0.1895815581,0.0020589903,1
0.02605069801,0.01308323909,-0.1860969514,0.001367575023,1
0.02605069801,0.01493573282,-0.1823525727,-0.005632988643,1
0.02605069801,0.01678822748,-0.1792119741,-0.01870992221,1
0.02605069801,0.01864072122,-0.1785170734,-0.02584712952,1
0.02605069801,0.02049321495,-0.1778080314,-0.02664651349,1
0.02605069801,0.02234570868,-0.1760004163,-0.02473797835,1
0.02605069801,0.02419820242,-0.174320817,-0.02562167123,1
0.02605069801,0.02605069801,-0.1747086495,-0.02827158011,1
0.02605069801,0.02790319175,-0.176759243,-0.03055928275,1
0.02605069801,0.02975568548,-0.1797640175,-0.0311535392,1
0.02605069801,0.03160817921,-0.1842199862,-0.03079338744,1
0.02605069801,0.03346067294,-0.1891733557,-0.02936978452,1
0.02605069801,0.03531316668,-0.1908468306,-0.02886018716,1
0.02605069801,0.03716566041,-0.1899858266,-0.02855781838,1
0.02605069801,0.03901815414,-0.1895160079,-0.02488168888,1
0.02605069801,0.04087064788,-0.1895377189,-0.02022172138,1
0.02605069801,0.04272314161,-0.1905666143,-0.01907690242,1
0.02605069801,0.04457563907,-0.1846384257,-0.01674819179,1
0.02605069801,0.0464281328,-0.1557304412,-0.01189146098,1
0.02605069801,0.04828062654,-0.07996227592,-0.004740689881,1
0.02605069801,0.05013312027,-0.02434479631,-0.001341492287,1
0.02605069801,0.051985614,NaN,NaN,0
0.02605069801,0.05383810773,NaN,NaN,0
0.02790319175,0.001968274824,NaN,NaN,0
0.02790319175,0.003820769023,-0.1990905553,-0.00651345728,1
0.02790319175,0.005673262756,-0.1996648759,-0.006703981198,1
0.02790319175,0.007525756955,-0.1987994611,-0.004518340342,1
0.02790319175,0.009378250688,-0.1958456784,-0.001129636308,1
0.02790319175,0.01123074535,-0.191121459,0.0001712627127,1
0.02790319175,0.01308323909,-0.1870436668,0.0003410805075,1
0.02790319175,0.01493573282,-0.1828688979,-0.00378913735,1
0.02790319175,0.01678822748,-0.1784969866,-0.01397988852,1
0.02790319175,0.01864072122,-0.1777035445,-0.02132509276,1
0.02790319175,0.02049321495,-0.1785973459,-0.02392023243,1
0.02790319175,0.02234570868,-0.1768380702,-0.02494409494,1
0.02790319175,0.02419820242,-0.1747838706,-0.02662346698,1
0.02790319175,0.02605069801,-0.1757418662,-0.0303523764,1
0.02790319175,0.02790319175,-0.178585127,-0.0326545164,1
0.02790319175,0.02975568548,-0.1828776151,-0.03211496025,1
0.02790319175,0.03160817921,-0.1885091364,-0.0298982095,1
0.02790319175,0.03346067294,-0.1929582953,-0.02581337281,1
0.02790319175,0.03531316668,-0.1941892058,-0.02380604111,1
0.02790319175,0.03716566041,-0.1927070469,-0.02411063947,1
0.02790319175,0.03901815414,-0.1898806542,-0.02230381407,1
0.02790319175,0.04087064788,-0.186107561,-0.01854266413,1
0.02790319175,0.04272314161,-0.184785217,-0.01744698361,1
0.02790319175,0.04457563907,-0.1815622747,-0.01594816893,1
0.02790319175,0.0464281328,-0.1655071676,-0.01167611498,1
0.02790319175,0.04828062654,-0.1197407395,-0.004050357267,1
0.02790319175,0.05013312027,-0.04639285058,-0.001321873977,1
0.02790319175,0.051985614,NaN,NaN,0
0.02790319175,0.05383810773,NaN,NaN,0
0.02975568548,0.001968274824,NaN,NaN,0
0.02975568548,0.003820769023,-0.199369669,-0.004133719485,1
0.02975568548,0.005673262756,-0.1988534182,-0.004542914219,1
0.02975568548,0.007525756955,-0.1977878511,-0.002941985149,1
0.02975568548,0.009378250688,-0.1962085515,-9.541476902e-05,1
0.02975568548,0.01123074535,-0.1928289384,0.001399507513,1
0.02975568548,0.01308323909,-0.1887885034,0.002420743462,1
0.02975568548,0.01493573282,-0.1830908954,0.0006669404102,1
0.02975568548,0.01678822748,-0.1760884374,-0.005181122571,1
0.02975568548,0.01864072122,-0.1733890027,-0.01172118634,1
0.02975568548,0.02049321495,-0.1769828051,-0.01849067397,1
0.02975568548,0.02234570868,-0.1812778115,-0.02365033701,1
0.02975568548,0.02419820242,-0.1826715469,-0.02657340467,1
0.02975568548,0.02605069801,-0.183542192,-0.03009621054,1
0.02975568548,0.02790319175,-0.1858603954,-0.02978682332,1
0.02975568548,0.02975568548,-0.1901386976,-0.02597122826,1
0.02975568548,0.03160817921,-0.195470795,-0.0217199102,1
0.02975568548,0.03346067294,-0.1985826492,-0.01559087262,1
0.02975568548,0.03531316668,-0.1963602751,-0.01356969308,1
0.02975568548,0.03716566041,-0.1925985813,-0.0153738996,1
0.02975568548,0.03901815414,-0.1888281703,-0.01598416269,1
0.02975568548,0.04087064788,-0.1831618547,-0.01534960046,1
0.02975568548,0.04272314161,-0.1801624149,-0.01514670905,1
0.02975568548,0.04457563907,-0.1766500026,-0.01409406774,1
0.02975568548,0.0464281328,-0.1651662737,-0.01049136091,1
0.02975568548,0.04828062654,-0.1393540651,-0.003753859783,1
0.02975568548,0.05013312027,-0.08851382136,-0.00188621378,2
0.02975568548,0.051985614,NaN,NaN,0
0.02975568548,0.05383810773,NaN,NaN,0
0.03160817921,0.001968274824,NaN,NaN,0
0.03160817921,0.003820769023,-0.2013881505,-0.001735178521,1
0.03160817921,0.005673262756,-0.1998645961,-0.0006420990103,1
0.03160817921,0.007525756955,-0.1973687559,0.001327953418,1
0.03160817921,0.009378250688,-0.1954824477,0.004094403237,1
0.03160817921,0.01123074535,-0.1932840347,0.006887169089,1
0.03160817921,0.01308323909,-0.1894549131,0.007939155214,1
0.03160817921,0.01493573282,-0.1829022765,0.00537098106,1
0.03160817921,0.01678822748,-0.1743195206,0.0006727696164,1
0.03160817921,0.01864072122,-0.1686284244,-0.004165220074,1
0.03160817921,0.02049321495,-0.1704675406,-0.01264198404,1
0.03160817921,0.02234570868,-0.1784880012,-0.02109141275,1
0.03160817921,0.02419820242,-0.1879253685,-0.02783067338,1
0.03160817921,0.02605069801,-0.1924907565,-0.03037559055,1
0.03160817921,0.02790319175,-0.1955790818,-0.02520372905,1
0.03160817921,0.02975568548,-0.1998971403,-0.01634681225,1
0.03160817921,0.03160817921,-0.2023081034,-0.01035151258,1
0.03160817921,0.03346067294,-0.1991344839,-0.006495238747,1
0.03160817921,0.03531316668,-0.1916523576,-0.006126122549,1
0.03160817921,0.03716566041,-0.1860741824,-0.007632533554,1
0.03160817921,0.03901815414,-0.1859295517,-0.009348280728,1
0.03160817921,0.04087064788,-0.183426097,-0.01126895752,1
0.03160817921,0.04272314161,-0.1812491119,-0.0125142131,1
0.03160817921,0.04457563907,-0.1766370535,-0.01252022106,1
0.03160817921,0.0464281328,-0.1641536355,-0.01000206918,1
0.03160817921,0.04828062654,-0.1450387537,-0.004285815638,1
0.03160817921,0.05013312027,-0.112581417,-0.002663924359,2
0.03160817921,0.051985614,NaN,NaN,0
0.03160817921,0.05383810773,NaN,NaN,0
0.03346067294,0.001968274824,NaN,NaN,0
0.03346067294,0.003820769023,-0.204589203,-0.0002987283806,1
0.03346067294,0.005673262756,-0.2020431906,0.0008167367778,1
0.03346067294,0.007525756955,-0.1979275495,0.002815131098,1
0.03346067294,0.009378250688,-0.1949841827,0.006035170518,1
0.03346067294,0.01123074535,-0.1919962168,0.009934360161,1
0.03346067294,0.01308323909,-0.1869415343,0.01096882485,1
0.03346067294,0.01493573282,-0.1811224371,0.008418172598,1
0.03346067294,0.01678822748,-0.1733498424,0.003292998066,1
0.03346067294,0.01864072122,-0.1649196148,-0.0008351600263,1
0.03346067294,0.02049321495,-0.16296345,-0.006562437862,1
0.03346067294,0.02234570868,-0.1708791852,-0.01563943364,1
0.03346067294,0.02419820242,-0.1835431308,-0.02457497083,1
0.03346067294,0.02605069801,-0.1940030307,-0.02560620196,1
0.03346067294,0.02790319175,-0.2014238387,-0.01832752861,1
0.03346067294,0.02975568548,-0.2061306685,-0.009048118256,1
0.03346067294,0.03160817921,-0.2047421932,-0.00451299455,1
0.03346067294,0.03346067294,-0.1956221163,-0.004129355308,1
0.03346067294,0.03531316668,-0.1846806705,-0.005541865714,1
0.03346067294,0.03716566041,-0.1782564372,-0.005318297539,1
0.03346067294,0.03901815414,-0.1784768701,-0.006162600592,1
0.03346067294,0.04087064788,-0.1810438931,-0.008432225324,1
0.03346067294,0.04272314161,-0.1822517216,-0.01024903543,1
0.03346067294,0.04457563907,-0.1784193218,-0.01117377821,1
0.03346067294,0.0464281328,-0.1671906263,-0.009865043685,1
0.03346067294,0.04828062654,-0.151226446,-0.005075243302,1
0.03346067294,0.05013312027,-0.1240585893,-0.003341906006,2
0.03346067294,0.051985614,NaN,NaN,0
0.03346067294,0.05383810773,NaN,NaN,0
0.03531316668,0.001968274824,NaN,NaN,0
0.03531316668,0.003820769023,-0.2079353184,-0.0007404671633,1
0.03531316668,0.005673262756,-0.20434165,-0.001290494576,1
0.03531316668,0.007525756955,-0.1984248459,-0.0003189651761,1
0.03531316668,0.009378250688,-0.193567276,0.002456211485,1
0.03531316668,0.01123074535,-0.1886006743,0.006203076802,1
0.03531316668,0.01308323909,-0.18293944,0.00667297747,1
0.03531316668,0.01493573282,-0.1777852476,0.004155262373,1
0.03531316668,0.01678822748,-0.1723174751,0.000302409695,1
0.03531316668,0.01864072122,-0.1646639109,-0.0004851246194,1
0.03531316668,0.02049321495,-0.1601964086,0.001574639464,1
0.03531316668,0.02234570868,-0.1657176912,-0.001912385225,1
0.03531316668,0.02419820242,-0.177183181,-0.007543255575,1
0.03531316668,0.02605069801,-0.1919974536,-0.007873062044,1
0.03531316668,0.02790319175,-0.2031385601,-0.005851292051,1
0.03531316668,0.02975568548,-0.206494987,-0.004379862919,1
0.03531316668,0.03160817921,-0.2021635026,-0.003561829915,1
0.03531316668,0.03346067294,-0.1914981157,-0.005339585245,1
0.03531316668,0.03531316668,-0.181287542,-0.008755588904,1
0.03531316668,0.03716566041,-0.1750611216,-0.00891120825,1
0.03531316668,0.03901815414,-0.1725741327,-0.007930429652,1
0.03531316668,0.04087064788,-0.175405696,-0.008134088479,1
0.03531316668,0.04272314161,-0.1792416871,-0.009337633848,1
0.03531316668,0.04457563907,-0.1769915521,-0.0109619936,1
0.03531316668,0.0464281328,-0.16609326,-0.01063686702,1
0.03531316668,0.04828062654,-0.1525551826,-0.005561994389,1
0.03531316668,0.05013312027,-0.12476179,-0.003569641849,2
0.03531316668,0.051985614,NaN,NaN,0
0.03531316668,0.05383810773,NaN,NaN,0
0.03716566041,0.001968274824,NaN,NaN,0
0.03716566041,0.003820769023,-0.2105922401,-0.003805498593,1
0.03716566041,0.005673262756,-0.2058807462,-0.005230944604,1
0.03716566041,0.007525756955,-0.1977779865,-0.005033614114,1
0.03716566041,0.009378250688,-0.1913160682,-0.003675034037,1
0.03716566041,0.01123074535,-0.1850259155,-0.000694542774,1
0.03716566041,0.01308323909,-0.1792187095,0.001098937588,1
0.03716566041,0.01493573282,-0.1734010726,-9.660844808e-05,1
0.03716566041,0.01678822748,-0.168656826,-0.002254177118,1
0.03716566041,0.01864072122,-0.1641757935,-0.0008058842504,1
0.03716566041,0.02049321495,-0.1625965536,0.006822971161,1
0.03716566041,0.02234570868,-0.1670841724,0.01095321868,1
0.03716566041,0.02419820242,-0.1765872985,0.01148970146,1
0.03716566041,0.02605069801,-0.1915688366,0.008675727062,1
0.03716566041,0.02790319175,-0.2024466246,0.001922042342,1
0.03716566041,0.02975568548,-0.2041409314,-0.002732730936,1
0.03716566041,0.03160817921,-0.1990291178,-0.004527899902,1
0.03716566041,0.03346067294,-0.1893048435,-0.007549708243,1
0.03716566041,0.03531316668,-0.1798658222,-0.0124106314,1
0.03716566041,0.03716566041,-0.1742830575,-0.01471445337,1
0.03716566041,0.03901815414,-0.1713361144,-0.01246085484,1
0.03716566041,0.04087064788,-0.173022747,-0.008808261715,1
0.03716566041,0.04272314161,-0.176035583,-0.008598659188,1
0.03716566041,0.04457563907,-0.1736320704,-0.01044471376,1
0.03716566041,0.0464281328,-0.1613916159,-0.01036063023,1
0.03716566041,0.04828062654,-0.1459352076,-0.005311636254,1
0.03716566041,0.05013312027,-0.1128349602,-0.00324566639,2
0.03716566041,0.051985614,NaN,NaN,0
0.03716566041,0.05383810773,NaN,NaN,0
0.03901815414,0.001968274824,NaN,NaN,0
0.03901815414,0.003820769023,-0.211139977,-0.006681480911,1
0.03901815414,0.005673262756,-0.207828328,-0.008766788989,1
0.03901815414,0.007525756955,-0.199007988,-0.008025154471,1
0.03901815414,0.009378250688,-0.190814808,-0.007184256334,1
0.03901815414,0.01123074535,-0.1833130866,-0.005009720102,1
0.03901815414,0.01308323909,-0.1761826575,-0.001661571208,1
0.03901815414,0.01493573282,-0.1684235185,-0.0003737140214,1
0.03901815414,0.01678822748,-0.1629418135,-0.0006576357409,1
0.03901815414,0.01864072122,-0.1627148539,0.0001307373459,1
0.03901815414,0.02049321495,-0.1681555659,0.008027238771,1
0.03901815414,0.02234570868,-0.1756433547,0.01437993534,1
0.03901815414,0.02419820242,-0.1815973669,0.01503134146,1
0.03901815414,0.02605069801,-0.1912698895,0.007993012667,1
0.03901815414,0.02790319175,-0.1994291693,-0.001511791372,1
0.03901815414,0.02975568548,-0.2001799643,-0.005442528054,1
0.03901815414,0.03160817921,-0.1955151707,-0.006905085407,1
0.03901815414,0.03346067294,-0.1866279691,-0.01013707649,1
0.03901815414,0.03531316668,-0.1774524748,-0.01476297341,1
0.03901815414,0.03716566041,-0.1743254364,-0.01794045419,1
0.03901815414,0.03901815414,-0.1744475067,-0.01560631394,1
0.03901815414,0.04087064788,-0.1751736999,-0.009243535809,1
0.03901815414,0.04272314161,-0.176510796,-0.008036897518,1
0.03901815414,0.04457563907,-0.1733215451,-0.009885480627,1
0.03901815414,0.0464281328,-0.1624650508,-0.009625256062,1
0.03901815414,0.04828062654,-0.1416858435,-0.005230125971,1
0.03901815414,0.05013312027,-0.08799880743,-0.002635112498,2
0.03901815414,0.051985614,NaN,NaN,0
0.03901815414,0.05383810773,NaN,NaN,0
0.04087064788,0.001968274824,NaN,NaN,0
0.04087064788,0.003820769023,-0.2091010064,-0.005417705979,1
0.04087064788,0.005673262756,-0.2081407458,-0.009226214141,1
0.04087064788,0.007525756955,-0.200638473,-0.01013908163,1
0.04087064788,0.009378250688,-0.1911113113,-0.008965730667,1
0.04087064788,0.01123074535,-0.1826002896,-0.006591517944,1
0.04087064788,0.01308323909,-0.1753844023,-0.00311397668,1
0.04087064788,0.01493573282,-0.168123126,0.0006048565847,1
0.04087064788,0.01678822748,-0.1631270498,0.003317683237,1
0.04087064788,0.01864072122,-0.1660176218,0.004209438339,1
0.04087064788,0.02049321495,-0.1763451844,0.008650950156,1
0.04087064788,0.02234570868,-0.1834928691,0.01140351966,1
0.04087064788,0.02419820242,-0.1839594394,0.007392524276,1
0.04087064788,0.02605069801,-0.1882878542,-0.00074715144,1
0.04087064788,0.02790319175,-0.1938958168,-0.007211292163,1
0.04087064788,0.02975568548,-0.1934426129,-0.009592190385,1
0.04087064788,0.03160817921,-0.1885292828,-0.01231763419,1
0.04087064788,0.03346067294,-0.1813688874,-0.01673504896,1
0.04087064788,0.03531316668,-0.1749112606,-0.01988823898,1
0.04087064788,0.03716566041,-0.1758548319,-0.01992372796,1
0.04087064788,0.03901815414,-0.1789531112,-0.01466104668,1
0.04087064788,0.04087064788,-0.1796024591,-0.007249397691,1
0.04087064788,0.04272314161,-0.1788086444,-0.006171254907,1
0.04087064788,0.04457563907,-0.1739344597,-0.00828440953,1
0.04087064788,0.0464281328,-0.1609095782,-0.009042287245,1
0.04087064788,0.04828062654,-0.1293584704,-0.005579992663,1
0.04087064788,0.05013312027,-0.04654056579,-0.001769100199,1
0.04087064788,0.051985614,NaN,NaN,0
0.04087064788,0.05383810773,NaN,NaN,0
0.04272314161,0.001968274824,NaN,NaN,0
0.04272314161,0.003820769023,-0.2043540925,-0.001558102667,1
0.04272314161,0.005673262756,-0.2043259591,-0.006615011953,1
0.04272314161,0.007525756955,-0.1988058239,-0.01129928324,1
0.04272314161,0.009378250688,-0.1903228313,-0.01100124326,1
0.04272314161,0.01123074535,-0.1833921075,-0.007644351106,1
0.04272314161,0.01308323909,-0.1773262024,-0.004524577409,1
0.04272314161,0.01493573282,-0.1709757745,-0.0003346602316,1
0.04272314161,0.01678822748,-0.1670801342,0.00421300903,1
0.04272314161,0.01864072122,-0.1716898382,0.006189713255,1
0.04272314161,0.02049321495,-0.1822678596,0.006420137826,1
0.04272314161,0.02234570868,-0.1881844699,0.005234068725,1
0.04272314161,0.02419820242,-0.1855955124,0.001186349546,1
0.04272314161,0.02605069801,-0.1843182445,-0.004751012195,1
0.04272314161,0.02790319175,-0.1856240332,-0.009420421906,1
0.04272314161,0.02975568548,-0.1830398142,-0.0121848993,1
0.04272314161,0.03160817921,-0.1773626804,-0.01830718853,1
0.04272314161,0.03346067294,-0.1752619147,-0.02330122516,1
0.04272314161,0.03531316668,-0.1769714206,-0.02212597243,1
0.04272314161,0.03716566041,-0.1810954213,-0.01816987246,1
0.04272314161,0.03901815414,-0.1829206347,-0.01193511207,1
0.04272314161,0.04087064788,-0.1802823991,-0.006129005458,1
0.04272314161,0.04272314161,-0.1766568273,-0.004386896733,1
0.04272314161,0.04457563907,-0.1693024635,-0.005716458894,1
0.04272314161,0.0464281328,-0.1473690718,-0.008260837756,1
0.04272314161,0.04828062654,-0.100617975,-0.004744847771,1
0.04272314161,0.05013312027,-0.02711004578,-0.001592141809,1
0.04272314161,0.051985614,NaN,NaN,0
0.04272314161,0.05383810773,NaN,NaN,0
0.04457563907,0.001968274824,NaN,NaN,0
0.04457563907,0.003820769023,-0.2010639161,0.0007982449024,1
0.04457563907,0.005673262756,-0.2009926289,-0.002930183429,1
0.04457563907,0.007525756955,-0.1973728091,-0.007908145897,1
0.04457563907,0.009378250688,-0.1902597249,-0.009075662121,1
0.04457563907,0.01123074535,-0.183883056,-0.007126625162,1
0.04457563907,0.01308323909,-0.1792930365,-0.005419259891,1
0.04457563907,0.01493573282,-0.1747051477,-0.002872701501,1
0.04457563907,0.01678822748,-0.1727458984,0.0002747601247,1
0.04457563907,0.01864072122,-0.1754892021,0.00118204311,1
0.04457563907,0.02049321495,-0.1823125035,-0.0003936758731,1
0.04457563907,0.02234570868,-0.1879228652,-0.002072480042,1
0.04457563907,0.02419820242,-0.1867392063,-0.003079789458,1
0.04457563907,0.02605069801,-0.1820900589,-0.00589405233,1
0.04457563907,0.02790319175,-0.1789532602,-0.009878163226,1
0.04457563907,0.02975568548,-0.1760013998,-0.0133325262,1
0.04457563907,0.03160817921,-0.1733623892,-0.01788545959,1
0.04457563907,0.03346067294,-0.1772096902,-0.01983911917,1
0.04457563907,0.03531316668,-0.1855193526,-0.01748315617,1
0.04457563907,0.03716566041,-0.188916266,-0.01488272101,1
0.04457563907,0.03901815414,-0.1839181185,-0.01262728404,1
0.04457563907,0.04087064788,-0.1756664068,-0.01017274987,1
0.04457563907,0.04272314161,-0.1684365422,-0.006976231933,1
0.04457563907,0.04457563907,-0.1580509096,-0.00738444319,1
0.04457563907,0.0464281328,-0.1249148175,-0.01112805493,1
0.04457563907,0.04828062654,-0.04144242778,-0.005608595908,1
0.04457563907,0.05013312027,-0.005994296633,-0.002986106789,1
0.04457563907,0.051985614,NaN,NaN,0
0.04457563907,0.05383810773,NaN,NaN,0
0.0464281328,0.001968274824,NaN,NaN,0
0.0464281328,0.003820769023,-0.2004460543,0.001651238068,1
0.0464281328,0.005673262756,-0.2004849911,0.0004150727182,1
0.0464281328,0.007525756955,-0.1980439574,-0.002300584922,1
0.0464281328,0.009378250688,-0.1919762492,-0.003565871157,1
0.0464281328,0.01123074535,-0.1840376556,-0.004099402577,1
0.0464281328,0.01308323909,-0.1767956764,-0.005658677779,1
0.0464281328,0.01493573282,-0.1724722981,-0.004676039331,1
0.0464281328,0.01678822748,-0.1708806753,-0.003463255242,1
0.0464281328,0.01864072122,-0.1714505106,-0.005186531227,1
0.0464281328,0.02049321495,-0.1770794392,-0.00811394304,1
0.0464281328,0.02234570868,-0.1838332564,-0.009600198828,1
0.0464281328,0.02419820242,-0.1853628904,-0.009745384566,1
0.0464281328,0.02605069801,-0.181887731,-0.009669381194,1
0.0464281328,0.02790319175,-0.1771440059,-0.01042026281,1
0.0464281328,0.02975568548,-0.1754928529,-0.01022975612,1
0.0464281328,0.03160817921,-0.1780906022,-0.009943298064,1
0.0464281328,0.03346067294,-0.1858783364,-0.009466302581,1
0.0464281328,0.03531316668,-0.1931123883,-0.009508471005,1
0.0464281328,0.03716566041,-0.1932329684,-0.01035836618,1
0.0464281328,0.03901815414,-0.1845775545,-0.01191335358,1
0.0464281328,0.04087064788,-0.17387788,-0.01161471754,1
0.0464281328,0.04272314161,-0.1651307046,-0.008272545412,1
0.0464281328,0.04457563907,-0.1534564644,-0.007763482165,1
0.0464281328,0.0464281328,-0.1196916252,-0.01009493694,1
0.0464281328,0.04828062654,-0.03507573158,-0.004826058168,1
0.0464281328,0.05013312027,-0.006060871296,-0.002979885554,1
0.0464281328,0.051985614,NaN,NaN,0
0.0464281328,0.05383810773,NaN,NaN,0
0.04828062654,0.001968274824,NaN,NaN,0
0.04828062654,0.003820769023,-0.1996951699,0.002997325733,1
0.04828062654,0.005673262756,-0.1991609335,0.00417866651,1
0.04828062654,0.007525756955,-0.1961397231,0.003395461477,1
0.04828062654,0.009378250688,-0.1904164404,0.002145668259,1
0.04828062654,0.01123074535,-0.1830144525,0.0007973355241,1
0.04828062654,0.01308323909,-0.1751746386,-0.002294743899,1
0.04828062654,0.01493573282,-0.1693705469,-0.003986207303,1
0.04828062654,0.01678822748,-0.1658881307,-0.005503712688,1
0.04828062654,0.01864072122,-0.165269658,-0.00939948298,1
0.04828062654,0.02049321495,-0.1716300398,-0.01295713615,1
0.04828062654,0.02234570868,-0.1797912717,-0.01510245539,1
0.04828062654,0.02419820242,-0.1847557575,-0.01521908212,1
0.04828062654,0.02605069801,-0.1845860332,-0.01316337194,1
0.04828062654,0.02790319175,-0.180529654,-0.009697062895,1
0.04828062654,0.02975568548,-0.1783673465,-0.005892361514,1
0.04828062654,0.03160817921,-0.1817504764,-0.003647261532,1
0.04828062654,0.03346067294,-0.1893743575,-0.003362950636,1
0.04828062654,0.03531316668,-0.1931433678,-0.003426939482,1
0.04828062654,0.03716566041,-0.1909218431,-0.004699713551,1
0.04828062654,0.03901815414,-0.1833189875,-0.006108087022,1
0.04828062654,0.04087064788,-0.1744469702,-0.006090788636,1
0.04828062654,0.04272314161,-0.1676684916,-0.004590295721,1
0.04828062654,0.04457563907,-0.1577847004,-0.003461573273,1
0.04828062654,0.0464281328,-0.1299752146,-0.005105391145,1
0.04828062654,0.04828062654,-0.07095714658,-0.003913190681,1
0.04828062654,0.05013312027,-0.02998040244,-0.00278132665,2
0.04828062654,0.051985614,NaN,NaN,0
0.04828062654,0.05383810773,NaN,NaN,0
0.05013312027,0.001968274824,NaN,NaN,0
0.05013312027,0.003820769023,-0.1984094977,0.002028428949,1
0.05013312027,0.005673262756,-0.196361348,0.005252131727,1
0.05013312027,0.007525756955,-0.1926870197,0.007163207047,1
0.05013312027,0.009378250688,-0.187574625,0.007070185617,1
0.05013312027,0.01123074535,-0.1817939728,0.005177855492,1
0.05013312027,0.01308323909,-0.1739763618,0.002583180321,1
0.05013312027,0.01493573282,-0.1660386771,-0.0008497323724,1
0.05013312027,0.01678822748,-0.16044949,-0.005514630117,1
0.05013312027,0.01864072122,-0.1602753401,-0.01116899401,1
0.05013312027,0.02049321495,-0.167840451,-0.01554745529,1
0.05013312027,0.02234570868,-0.1788397878,-0.01814982109,1
0.05013312027,0.02419820242,-0.1867005825,-0.01838759147,1
0.05013312027,0.02605069801,-0.1877377331,-0.01560829859,1
0.05013312027,0.02790319175,-0.18406865,-0.01032952964,1
0.05013312027,0.02975568548,-0.1794068217,-0.006014887709,1
0.05013312027,0.03160817921,-0.1794834584,-0.003999413922,1
0.05013312027,0.03346067294,-0.1838691086,-0.003376694396,1
0.05013312027,0.03531316668,-0.1860948801,-0.002448089886,1
0.05013312027,0.03716566041,-0.1850402802,-0.001939200214,1
0.05013312027,0.03901815414,-0.181845203,-0.000854920072,1
0.05013312027,0.04087064788,-0.1769686639,0.0008954030345,1
0.05013312027,0.04272314161,-0.1720953733,0.00223894394,1
0.05013312027,0.04457563907,-0.162213102,0.002417235402,1
0.05013312027,0.0464281328,-0.1291068345,0.000734625326,1
0.05013312027,0.04828062654,-0.0399794206,-0.0003860535508,1
0.05013312027,0.05013312027,-0.01711966097,-0.001324508921,2
0.05013312027,0.051985614,NaN,NaN,0
0.05013312027,0.05383810773,NaN,NaN,0
0.051985614,0.001968274824,NaN,NaN,0
0.051985614,0.003820769023,-0.1979037225,-0.002436912386,1
0.051985614,0.005673262756,-0.1945185959,0.001345682074,1
0.051985614,0.007525756955,-0.1903788149,0.005641051102,1
0.051985614,0.009378250688,-0.185734421,0.008859097958,1
0.051985614,0.01123074535,-0.1814457327,0.007597211748,1
0.051985614,0.01308323909,-0.1736766994,0.00622304203,1
0.051985614,0.01493573282,-0.1638816446,0.002339007333,1
0.051985614,0.01678822748,-0.1561183333,-0.004768456798,1
0.051985614,0.01864072122,-0.1555098593,-0.01245133672,1
0.051985614,0.02049321495,-0.1640536785,-0.01837494038,1
0.051985614,0.02234570868,-0.1779492497,-0.02143394947,1
0.051985614,0.02419820242,-0.1872325391,-0.02268018574,1
0.051985614,0.02605069801,-0.1868615746,-0.02166293003,1
0.051985614,0.02790319175,-0.1822739244,-0.01683343947,1
0.051985614,0.02975568548,-0.1771318465,-0.01098259632,1
0.051985614,0.03160817921,-0.1739965528,-0.007056100294,1
0.051985614,0.03346067294,-0.1760442406,-0.005218054168,1
0.051985614,0.03531316668,-0.1800533533,-0.004209313076,1
0.051985614,0.03716566041,-0.1820537001,-0.002910667565,1
0.051985614,0.03901815414,-0.1814092547,-0.0004427826207,1
0.051985614,0.04087064788,-0.1778176129,0.003254750511,1
0.051985614,0.04272314161,-0.1731227785,0.006565760355,1
0.051985614,0.04457563907,-0.1621362269,0.005639792886,1
0.051985614,0.0464281328,-0.1269426495,0.002396756783,1
0.051985614,0.04828062654,-0.02753634565,0.0002741244389,1
0.051985614,0.05013312027,-0.008281897753,-0.0009457242559,2
0.051985614,0.051985614,NaN,NaN,0
0.051985614,0.05383810773,NaN,NaN,0
0.05383810773,0.001968274824,NaN,NaN,0
0.05383810773,0.003820769023,-0.1994648129,-0.007495606784,1
0.05383810773,0.005673262756,-0.1961228698,-0.005665154662,1
0.05383810773,0.007525756955,-0.1929093897,-0.0005281969788,1
0.05383810773,0.009378250688,-0.1889040321,0.005573185161,1
0.05383810773,0.01123074535,-0.1825897247,0.007122050971,1
0.05383810773,0.01308323909,-0.172133863,0.005981225055,1
0.05383810773,0.01493573282,-0.1591944695,0.001543942722,1
0.05383810773,0.01678822748,-0.1508677006,-0.00557842711,1
0.05383810773,0.01864072122,-0.1515800357,-0.0126164956,1
0.05383810773,0.02049321495,-0.1609334201,-0.01897772588,1
0.05383810773,0.02234570868,-0.176910758,-0.0234912429,1
0.05383810773,0.02419820242,-0.1875196546,-0.02789607644,1
0.05383810773,0.02605069801,-0.186845094,-0.02972793952,1
0.05383810773,0.02790319175,-0.1821894646,-0.02573908493,1
0.05383810773,0.02975568548,-0.1780349016,-0.01790033467,1
0.05383810773,0.03160817921,-0.1728310883,-0.01113694068,1
0.05383810773,0.03346067294,-0.1724194884,-0.008358124644,1
0.05383810773,0.03531316668,-0.1774541885,-0.009501180612,1
0.05383810773,0.03716566041,-0.1800125688,-0.009840378538,1
0.05383810773,0.03901815414,-0.1773388535,-0.00767799234,1
0.05383810773,0.04087064788,-0.1719179451,-0.003070767503,1
0.05383810773,0.04272314161,-0.1676525027,0.002613984281,1
0.05383810773,0.04457563907,-0.1548985392,0.002191469539,1
0.05383810773,0.0464281328,-0.1182478964,-0.0009845073801,1
0.05383810773,0.04828062654,-0.02203124762,-0.001264378545,1
0.05383810773,0.05013312027,-0.005016113631,-0.00144690054,2
0.05383810773,0.051985614,NaN,NaN,0
0.05383810773,0.05383810773,NaN,NaN,0
0.05569060147,0.001968274824,NaN,NaN,0
0.05569060147,0.003820769023,-0.2003864944,-0.01248266455,1
0.05569060147,0.005673262756,-0.199589029,-0.0124869328,1
0.05569060147,0.007525756955,-0.199723646,-0.007889896631,1
0.05569060147,0.009378250688,-0.1953715384,-0.002230864484,1
0.05569060147,0.01123074535,-0.1853328645,0.0002839376975,1
0.05569060147,0.01308323909,-0.1703338027,-0.0003691589518,1
0.05569060147,0.01493573282,-0.1548489183,-0.00354723027,1
0.05569060147,0.01678822748,-0.1477121562,-0.008262836374,1
0.05569060147,0.01864072122,-0.1489180028,-0.0125376191,1
0.05569060147,0.02049321495,-0.1592519134,-0.016357271,1
0.05569060147,0.02234570868,-0.1792016178,-0.01938526891,1
0.05569060147,0.02419820242,-0.1886505634,-0.02545454726,1
0.05569060147,0.02605069801,-0.1895243078,-0.02814505436,1
0.05569060147,0.02790319175,-0.1867363453,-0.0247056745,1
0.05569060147,0.02975568548,-0.1834515333,-0.01896594092,1
0.05569060147,0.03160817921,-0.1782017797,-0.01507478766,1
0.05569060147,0.03346067294,-0.1734017283,-0.01446757186,1
0.05569060147,0.03531316668,-0.1753022671,-0.01769657061,1
0.05569060147,0.03716566041,-0.1762034744,-0.02036726661,1
0.05569060147,0.03901815414,-0.1708026528,-0.01988849789,1
0.05569060147,0.04087064788,-0.1642393768,-0.01547093596,1
0.05569060147,0.04272314161,-0.1593001783,-0.00810694322,1
0.05569060147,0.04457563907,-0.1460312903,-0.005202644505,1
0.05569060147,0.0464281328,-0.1117105782,-0.005345847458,1
0.05569060147,0.04828062654,-0.02887989394,-0.003076633438,1
0.05569060147,0.05013312027,-0.008285666816,-0.002043278189,2
0.05569060147,0.051985614,NaN,NaN,0
0.05569060147,0.05383810773,NaN,NaN,0
0.0575430952,0.001968274824,NaN,NaN,0
0.0575430952,0.003820769023,-0.2016918063,-0.01452294365,1
0.0575430952,0.005673262756,-0.2037857175,-0.01524113212,1
0.0575430952,0.007525756955,-0.2052467912,-0.01461363863,1
0.0575430952,0.009378250688,-0.1987155229,-0.01516978256,1
0.0575430952,0.01123074535,-0.1855161935,-0.01403944194,1
0.0575430952,0.01308323909,-0.1697294861,-0.01195831504,1
0.0575430952,0.01493573282,-0.15473333,-0.01125081535,1
0.0575430952,0.01678822748,-0.1488473862,-0.01116289571,1
0.0575430952,0.01864072122,-0.1495001465,-0.01008631289,1
0.0575430952,0.02049321495,-0.1592285633,-0.009079144336,1
0.0575430952,0.02234570868,-0.1798699945,-0.009607939981,1
0.0575430952,0.02419820242,-0.1918681264,-0.0142514538,1
0.0575430952,0.02605069801,-0.1945853382,-0.01553621981,1
0.0575430952,0.02790319175,-0.193224743,-0.01364526618,1
0.0575430952,0.02975568548,-0.1896940768,-0.01509998273,1
0.0575430952,0.03160817921,-0.185643971,-0.01932916045,1
0.0575430952,0.03346067294,-0.1768921614,-0.02229679376,1
0.0575430952,0.03531316668,-0.1728151888,-0.02481714822,1
0.0575430952,0.03716566041,-0.1718569249,-0.02777219377,1
0.0575430952,0.03901815414,-0.1666810215,-0.02840237319,1
0.0575430952,0.04087064788,-0.1607831419,-0.02379339747,1
0.0575430952,0.04272314161,-0.15466322,-0.01563464105,1
0.0575430952,0.04457563907,-0.1411356926,-0.009003041312,1
0.0575430952,0.0464281328,-0.1093881652,-0.005415820982,1
0.0575430952,0.04828062654,-0.03208885342,-0.002092599403,1
0.0575430952,0.05013312027,-0.008906706236,-0.001559214783,1
0.0575430952,0.051985614,NaN,NaN,0
0.0575430952,0.05383810773,NaN,NaN,0
0.05939558893,0.001968274824,NaN,NaN,0
0.05939558893,0.003820769023,-0.201954931,-0.01347936038,1
0.05939558893,0.005673262756,-0.2044052482,-0.01481202245,1
0.05939558893,0.007525756955,-0.2041219324,-0.01818353496,1
0.05939558893,0.009378250688,-0.1965267509,-0.02454539575,1
0.05939558893,0.01123074535,-0.1835880131,-0.02696076967,1
0.05939558893,0.01308323909,-0.1701644659,-0.02427294105,1
0.05939558893,0.01493573282,-0.15832901,-0.0187500976,1
0.05939558893,0.01678822748,-0.1536175311,-0.01220271643,1
0.05939558893,0.01864072122,-0.1541964859,-0.00583308842,1
0.05939558893,0.02049321495,-0.1625449657,-0.001076047425,1
0.05939558893,0.02234570868,-0.1809180975,-0.0004833731509,1
0.05939558893,0.02419820242,-0.1951161772,-0.002961597173,1
0.05939558893,0.02605069801,-0.1954873651,-0.005533523858,1
0.05939558893,0.02790319175,-0.1944319606,-0.00654050475,1
0.05939558893,0.02975568548,-0.1934392154,-0.01053804439,1
0.05939558893,0.03160817921,-0.1916549355,-0.0186986737,1
0.05939558893,0.03346067294,-0.1808855236,-0.02323888242,1
0.05939558893,0.03531316668,-0.1716198027,-0.02523602918,1
0.05939558893,0.03716566041,-0.1675626487,-0.02850128151,1
0.05939558893,0.03901815414,-0.1642271429,-0.02975521237,1
0.05939558893,0.04087064788,-0.1603765786,-0.02449698187,1
0.05939558893,0.04272314161,-0.154641971,-0.01660197601,1
0.05939558893,0.04457563907,-0.1430325955,-0.009273450822,1
0.05939558893,0.0464281328,-0.117127277,-0.004623230547,1
0.05939558893,0.04828062654,-0.04693926871,-0.001008911873,1
0.05939558893,0.05013312027,-0.01355133671,-0.0009849804919,1
0.05939558893,0.051985614,NaN,NaN,0
0.05939558893,0.05383810773,NaN,NaN,0
0.06124808267,0.001968274824,NaN,NaN,0
0.06124808267,0.003820769023,-0.1984829307,-0.01127149723,1
0.06124808267,0.005673262756,-0.2012188286,-0.01261188276,1
0.06124808267,0.007525756955,-0.1999664754,-0.01731450669,1
0.06124808267,0.009378250688,-0.1942431182,-0.02393292636,1
0.06124808267,0.01123074535,-0.1857707202,-0.02801831439,1
0.06124808267,0.01308323909,-0.1754196733,-0.02543508634,1
0.06124808267,0.01493573282,-0.1655141413,-0.01782491431,1
0.06124808267,0.01678822748,-0.1608836949,-0.009213849902,1
0.06124808267,0.01864072122,-0.161496982,-0.0009855424287,1
0.06124808267,0.02049321495,-0.1674048305,0.004465649836,1
0.06124808267,0.02234570868,-0.1807684004,0.004228964448,1
0.06124808267,0.02419820242,-0.1914956868,0.001241587219,1
0.06124808267,0.02605069801,-0.1919388771,-0.001665828284,1
0.06124808267,0.02790319175,-0.1928614974,-0.002584544709,1
0.06124808267,0.02975568548,-0.1971532553,-0.003077027155,1
0.06124808267,0.03160817921,-0.196217984,-0.008984910324,1
0.06124808267,0.03346067294,-0.1842663586,-0.0168650765,1
0.06124808267,0.03531316668,-0.1720482558,-0.02063618414,1
0.06124808267,0.03716566041,-0.1667017639,-0.02555963024,1
0.06124808267,0.03901815414,-0.1659806818,-0.02704063617,1
0.06124808267,0.04087064788,-0.1639658064,-0.02174660191,1
0.06124808267,0.04272314161,-0.1586790979,-0.01487156283,1
0.06124808267,0.04457563907,-0.1489378959,-0.00864209421,1
0.06124808267,0.0464281328,-0.1328069866,-0.004251928534,1
0.06124808267,0.04828062654,-0.09154646099,-0.00145398546,1
0.06124808267,0.05013312027,-0.02009839751,-0.001538569573,1
0.06124808267,0.051985614,NaN,NaN,0
0.06124808267,0.05383810773,NaN,NaN,0
0.0631005764,0.001968274824,NaN,NaN,0
0.0631005764,0.003820769023,-0.19552733,-0.01174609922,1
0.0631005764,0.005673262756,-0.1981167942,-0.01151678339,1
0.0631005764,0.007525756955,-0.196882233,-0.01534921769,1
0.0631005764,0.009378250688,-0.1929765046,-0.01998670399,1
0.0631005764,0.01123074535,-0.1887449771,-0.02267279662,1
0.0631005764,0.01308323909,-0.1836743504,-0.01921730302,1
0.0631005764,0.01493573282,-0.1764858514,-0.01110766921,1
0.0631005764,0.01678822748,-0.1701061428,-0.00311468076,1
0.0631005764,0.01864072122,-0.1670243293,0.003936832771,1
0.0631005764,0.02049321495,-0.1702498198,0.007229948416,1
0.0631005764,0.02234570868,-0.1790244132,0.006186401471,1
0.0631005764,0.02419820242,-0.1872697622,0.002499791561,1
0.0631005764,0.02605069801,-0.1904123425,-0.000133844791,1
0.0631005764,0.02790319175,-0.1923722625,0.0002522310824,1
0.0631005764,0.02975568548,-0.1973810792,7.709253623e-06,1
0.0631005764,0.03160817921,-0.1960401982,-0.005530682858,1
0.0631005764,0.03346067294,-0.1849963665,-0.01415825449,1
0.0631005764,0.03531316668,-0.1730659604,-0.01856727712,1
0.0631005764,0.03716566041,-0.1682655215,-0.02235959843,1
0.0631005764,0.03901815414,-0.1704892814,-0.02247135714,1
0.0631005764,0.04087064788,-0.1724594533,-0.01875339076,1
0.0631005764,0.04272314161,-0.1672627032,-0.01308713946,1
0.0631005764,0.04457563907,-0.1548707634,-0.009057827294,1
0.0631005764,0.0464281328,-0.1374735981,-0.005730645265,1
0.0631005764,0.04828062654,-0.09980367124,-0.002437469549,1
0.0631005764,0.05013312027,-0.01783065498,-0.002366852714,1
0.0631005764,0.051985614,NaN,NaN,0
0.0631005764,0.05383810773,NaN,NaN,0
0.06495307386,0.001968274824,NaN,NaN,0
0.06495307386,0.003820769023,-0.1942971051,-0.01318674907,1
0.06495307386,0.005673262756,-0.1963670254,-0.01151947398,1
0.06495307386,0.007525756955,-0.1948568374,-0.01334834006,1
0.06495307386,0.009378250688,-0.1924189329,-0.01560518797,1
0.06495307386,0.01123074535,-0.1923518628,-0.0157886073,1
0.06495307386,0.01308323909,-0.1924151033,-0.01191484649,1
0.06495307386,0.01493573282,-0.18884556,-0.003893415909,1
0.06495307386,0.01678822748,-0.1800750792,0.003526896238,1
0.06495307386,0.01864072122,-0.1712669432,0.008793150075,1
0.06495307386,0.02049321495,-0.1695948243,0.01057686377,1
0.06495307386,0.02234570868,-0.1753042191,0.008503671736,1
0.06495307386,0.02419820242,-0.1853250712,0.003272501985,1
0.06495307386,0.02605069801,-0.1917722523,2.093935109e-05,1
0.06495307386,0.02790319175,-0.1932069957,1.662035174e-05,1
0.06495307386,0.02975568548,-0.193879202,-0.003122061957,1
0.06495307386,0.03160817921,-0.1904786527,-0.01018994302,1
0.06495307386,0.03346067294,-0.1812161803,-0.01803186163,1
0.06495307386,0.03531316668,-0.1722101718,-0.0214466285,1
0.06495307386,0.03716566041,-0.1687191129,-0.0229082536,1
0.06495307386,0.03901815414,-0.1715221256,-0.02025157399,1
0.06495307386,0.04087064788,-0.1768981069,-0.01502937824,1
0.06495307386,0.04272314161,-0.1750326306,-0.009813357145,1
0.06495307386,0.04457563907,-0.1621748656,-0.00819341559,1
0.06495307386,0.0464281328,-0.1418970078,-0.007786106318,1
0.06495307386,0.04828062654,-0.1064759046,-0.004354245029,1
0.06495307386,0.05013312027,-0.02517704293,-0.002876968589,1
0.06495307386,0.051985614,NaN,NaN,0
0.06495307386,0.05383810773,NaN,NaN,0
0.06680556387,0.001968274824,NaN,NaN,0
0.06680556387,0.003820769023,-0.194982931,-0.01299247891,1
0.06680556387,0.005673262756,-0.1965909004,-0.01076150127,1
0.06680556387,0.007525756955,-0.1950239241,-0.01073482353,1
0.06680556387,0.009378250688,-0.1936378181,-0.01050298288,1
0.06680556387,0.01123074535,-0.1966579854,-0.008184412494,1
0.06680556387,0.01308323909,-0.2003930956,-0.004526130855,1
0.06680556387,0.01493573282,-0.1994459778,0.001375528751,1
0.06680556387,0.01678822748,-0.1885598451,0.006990062539,1
0.06680556387,0.01864072122,-0.1750256121,0.0109972572,1
0.06680556387,0.02049321495,-0.167842418,0.01259292848,1
0.06680556387,0.02234570868,-0.1696641296,0.00994196441,1
0.06680556387,0.02419820242,-0.1798063368,0.003189002397,1
0.06680556387,0.02605069801,-0.1886805147,-0.001383501221,1
0.06680556387,0.02790319175,-0.1902444214,-0.004701123573,1
0.06680556387,0.02975568548,-0.1874991655,-0.01054075081,1
0.06680556387,0.03160817921,-0.1824093759,-0.01829181239,1
0.06680556387,0.03346067294,-0.1749241501,-0.02485400066,1
0.06680556387,0.03531316668,-0.1698927581,-0.02682068758,1
0.06680556387,0.03716566041,-0.1691101044,-0.02667390741,1
0.06680556387,0.03901815414,-0.1723487079,-0.02171063423,1
0.06680556387,0.04087064788,-0.1783215702,-0.01350555941,1
0.06680556387,0.04272314161,-0.1777861565,-0.007511953823,1
0.06680556387,0.04457563907,-0.1644213051,-0.006624239963,1
0.06680556387,0.0464281328,-0.1425907016,-0.008018154651,1
0.06680556387,0.04828062654,-0.1120807081,-0.005636094138,1
0.06680556387,0.05013312027,-0.04980265349,-0.003662706586,2
0.06680556387,0.051985614,NaN,NaN,0
0.06680556387,0.05383810773,NaN,NaN,0
0.06865806133,0.001968274824,NaN,NaN,0
0.06865806133,0.003820769023,-0.1978231072,-0.01248751953,1
0.06865806133,0.005673262756,-0.1991174966,-0.009803145193,1
0.06865806133,0.007525756955,-0.1983219385,-0.008232738823,1
0.06865806133,0.009378250688,-0.1972788274,-0.006213991903,1
0.06865806133,0.01123074535,-0.1998122185,-0.002250056481,1
0.06865806133,0.01308323909,-0.2041266561,0.00210701162,1
0.06865806133,0.01493573282,-0.2034430951,0.005050110631,1
0.06865806133,0.01678822748,-0.1921260059,0.005908010062,1
0.06865806133,0.01864072122,-0.1776661426,0.008711683564,1
0.06865806133,0.02049321495,-0.1683043391,0.01058564987,1
0.06865806133,0.02234570868,-0.1667487472,0.008074817248,1
0.06865806133,0.02419820242,-0.1732980758,0.001412936952,1
0.06865806133,0.02605069801,-0.1806484908,-0.006532228552,1
0.06865806133,0.02790319175,-0.1829361767,-0.01345504355,1
0.06865806133,0.02975568548,-0.1811789721,-0.01911070384,1
0.06865806133,0.03160817921,-0.1773531586,-0.02487477101,1
0.06865806133,0.03346067294,-0.1715022922,-0.02936845087,1
0.06865806133,0.03531316668,-0.1674449444,-0.03086667508,1
0.06865806133,0.03716566041,-0.1683201343,-0.0302438736,1
0.06865806133,0.03901815414,-0.1721408516,-0.02530708723,1
0.06865806133,0.04087064788,-0.1759817898,-0.01643377542,1
0.06865806133,0.04272314161,-0.1735840142,-0.009470743127,1
0.06865806133,0.04457563907,-0.1592563093,-0.007690781727,1
0.06865806133,0.0464281328,-0.1341118664,-0.007920693606,1
0.06865806133,0.04828062654,-0.09455133975,-0.004969131667,1
0.06865806133,0.05013312027,-0.04511613771,-0.003286546329,2
0.06865806133,0.051985614,NaN,NaN,0
0.06865806133,0.05383810773,NaN,NaN,0
0.07051055133,0.001968274824,NaN,NaN,0
0.07051055133,0.003820769023,-0.2005876899,-0.01173617225,1
0.07051055133,0.005673262756,-0.2027233541,-0.009663849138,1
0.07051055133,0.007525756955,-0.2023839653,-0.007658398245,1
0.07051055133,0.009378250688,-0.2007057965,-0.00472641876,1
0.07051055133,0.01123074535,-0.2021247596,-0.0001667772594,1
0.07051055133,0.01308323909,-0.2046607435,0.004436632153,1
0.07051055133,0.01493573282,-0.2024206072,0.005089468323,1
0.07051055133,0.01678822748,-0.190987438,0.001463186112,1
0.07051055133,0.01864072122,-0.1782990545,0.002462201286,1
0.07051055133,0.02049321495,-0.1705173105,0.004288782366,1
0.07051055133,0.02234570868,-0.1670101285,0.001913072891,1
0.07051055133,0.02419820242,-0.1677451879,-0.003939843271,1
0.07051055133,0.02605069801,-0.171436429,-0.01490029041,1
0.07051055133,0.02790319175,-0.1759523451,-0.02167627402,1
0.07051055133,0.02975568548,-0.1797873527,-0.02259810083,1
0.07051055133,0.03160817921,-0.1807704568,-0.02376659401,1
0.07051055133,0.03346067294,-0.1748272479,-0.0274559781,1
0.07051055133,0.03531316668,-0.1677552015,-0.03076677211,1
0.07051055133,0.03716566041,-0.1668701917,-0.03169875592,1
0.07051055133,0.03901815414,-0.1697751284,-0.02953753807,1
0.07051055133,0.04087064788,-0.1705473661,-0.02181621455,1
0.07051055133,0.04272314161,-0.1659111977,-0.01333222352,1
0.07051055133,0.04457563907,-0.1503474414,-0.00839659851,1
0.07051055133,0.0464281328,-0.1197374314,-0.006168028805,1
0.07051055133,0.04828062654,-0.05154244974,-0.002845368581,1
0.07051055133,0.05013312027,-0.01397394482,-0.002257075859,1
0.07051055133,0.051985614,NaN,NaN,0
0.07051055133,0.05383810773,NaN,NaN,0
0.07236304879,0.001968274824,NaN,NaN,0
0.07236304879,0.003820769023,-0.2015449107,-0.01112261321,1
0.07236304879,0.005673262756,-0.2048232704,-0.008802008815,1
0.07236304879,0.007525756955,-0.2047396302,-0.007575429976,1
0.07236304879,0.009378250688,-0.2022377253,-0.005594362505,1
0.07236304879,0.01123074535,-0.2028514743,-0.002784878714,1
0.07236304879,0.01308323909,-0.2028349042,9.301221871e-05,1
0.07236304879,0.01493573282,-0.1979862601,-0.0003426170151,1
0.07236304879,0.01678822748,-0.1868125051,-0.004410373047,1
0.07236304879,0.01864072122,-0.1765732467,-0.004951140378,1
0.07236304879,0.02049321495,-0.1712300777,-0.003833118826,1
0.07236304879,0.02234570868,-0.1677194089,-0.00607109908,1
0.07236304879,0.02419820242,-0.1634578854,-0.01144863106,1
0.07236304879,0.02605069801,-0.1647806466,-0.02044320665,1
0.07236304879,0.02790319175,-0.1730543673,-0.02330595627,1
0.07236304879,0.02975568548,-0.1852536798,-0.01972106472,1
0.07236304879,0.03160817921,-0.1915040761,-0.01749799028,1
0.07236304879,0.03346067294,-0.1828208417,-0.02011693269,1
0.07236304879,0.03531316668,-0.1699512005,-0.02651441284,1
0.07236304879,0.03716566041,-0.1650591344,-0.03235828876,1
0.07236304879,0.03901815414,-0.166306302,-0.03376303613,1
0.07236304879,0.04087064788,-0.1651904136,-0.0269836504,1
0.07236304879,0.04272314161,-0.1617662758,-0.01694764383,1
0.07236304879,0.04457563907,-0.1436371952,-0.007554754149,1
0.07236304879,0.0464281328,-0.1203758046,-0.003664282383,1
0.07236304879,0.04828062654,-0.07896324247,-0.001341608819,1
0.07236304879,0.05013312027,-0.01853898354,-0.002578822896,1
0.07236304879,0.051985614,NaN,NaN,0
0.07236304879,0.05383810773,NaN,NaN,0
